50 1000
130
117
129
138
102
152
124
175
181
145
187
127
169
191
140
174
126
171
154
138
111
157
176
139
109
192
152
154
114
169
164
107
148
107
200
126
151
181
125
133
113
141
131
181
166
118
141
162
127
151
196
119
197
118
184
149
109
136
110
101
179
163
200
138
156
118
146
170
100
177
101
115
167
153
199
187
133
102
107
115
110
164
135
110
121
160
186
135
114
144
126
140
111
166
139
154
108
144
139
109
130
157
193
170
165
172
134
148
104
107
129
133
159
120
126
158
192
169
141
197
133
133
180
116
194
198
136
167
180
116
126
182
123
113
189
138
142
140
157
145
125
158
124
197
168
127
184
162
148
132
167
163
184
182
162
175
108
194
193
185
105
125
117
103
100
196
171
133
134
142
166
184
175
177
172
143
168
185
138
159
183
145
125
125
100
194
177
102
186
114
114
107
159
194
121
173
103
132
190
135
105
130
157
101
184
136
103
135
149
171
109
177
197
169
187
153
148
180
132
109
189
151
104
191
200
198
153
128
121
164
176
113
105
108
151
155
113
173
181
154
124
161
159
110
186
158
189
150
145
133
183
169
109
129
105
116
117
167
114
161
165
160
147
155
117
162
101
181
166
187
170
137
171
198
114
166
189
122
144
146
189
152
181
192
176
105
160
190
160
149
121
183
175
189
170
191
189
105
112
148
154
163
147
163
109
140
156
174
152
155
140
154
175
125
139
153
101
176
187
198
148
126
102
165
139
169
157
151
107
160
121
179
124
165
154
147
185
111
200
153
129
120
120
108
131
143
165
118
161
200
160
134
125
168
126
108
108
113
186
140
191
178
177
107
188
157
156
192
194
111
170
118
108
142
125
195
192
193
107
169
151
159
179
148
182
134
120
160
120
117
112
119
144
181
113
116
143
138
187
123
181
113
163
198
189
132
164
103
130
128
180
115
185
137
146
114
181
138
152
112
162
115
153
104
125
184
180
140
155
111
121
120
141
118
196
104
175
126
197
144
151
104
105
144
188
176
126
199
114
131
128
192
172
140
181
196
129
133
182
117
165
170
200
196
169
162
150
120
142
120
109
126
104
180
131
186
194
127
132
174
196
199
163
196
110
171
171
185
190
178
141
100
136
135
117
137
149
117
145
166
130
119
157
168
182
168
116
197
155
120
119
142
106
155
110
157
168
157
139
123
189
131
149
150
103
141
191
115
129
165
139
157
190
189
139
114
114
143
119
189
187
179
199
185
121
104
200
145
127
135
115
179
131
151
140
149
165
156
122
157
187
159
152
177
146
105
109
116
139
123
104
121
140
190
177
174
159
174
164
169
124
119
110
122
132
161
151
134
126
103
180
123
112
117
113
105
167
156
181
197
101
132
196
145
113
147
129
116
187
148
177
141
177
155
187
166
160
168
122
121
146
161
171
130
140
101
166
187
192
100
143
161
148
102
108
158
156
145
165
191
152
119
199
168
175
104
144
164
155
134
107
122
124
200
111
165
189
161
137
140
106
146
151
199
188
187
101
126
187
133
159
101
138
165
192
178
124
158
176
137
135
154
102
129
192
102
100
137
109
176
158
131
166
150
110
163
164
165
131
105
132
154
106
107
183
125
194
134
185
195
105
105
186
170
118
191
132
159
119
189
129
165
176
160
107
176
144
101
160
118
177
150
130
160
199
131
156
198
164
200
151
119
179
162
167
118
182
105
126
173
183
137
147
191
114
178
156
120
140
177
121
126
180
149
172
157
163
193
172
175
124
174
146
188
123
121
132
131
149
183
111
196
142
159
180
120
141
108
107
111
114
129
160
109
134
106
109
136
157
132
120
151
101
117
145
100
121
197
152
142
147
149
200
181
166
196
195
197
180
101
123
138
149
130
105
115
102
161
175
184
126
177
153
172
182
162
107
198
150
196
196
135
166
147
179
147
115
132
127
111
145
167
171
156
116
156
179
114
172
169
151
172
172
179
111
118
192
179
132
142
125
143
148
155
142
196
157
183
174
181
158
156
184
177
131
140
198
180
129
159
185
139
137
130
104
126
137
105
118
120
110
149
194
196
185
107
101
111
110
151
195
125
147
108
190
150
122
182
164
102
100
190
122
163
190
182
159
176
100
171
162
180
169
104
121
130
109
192
142
190
123
172
195
106
200
155
169
136
163
178
194
192
149
125
186
100
117
164
130
182
185
192
100
103
194
164
155
160
188
123
184
157
196
182
189
150
181
169
166
109
139
151
149
149
153
163
160
194
185
152
106
165
100
152
171
115
168
131
144
165
