83 87 65 52 68 55 49
109 148 42 49 181 165 35
75 77 80 48 53 54 54
28 104 122 51 11 53 10
70 112 170 49 129 124 170
182 50 2 52 61 129 193
112 155 6 54 58 88 157
128 61 197 50 120 71 180
170 153 79 52 53 15 198
53 97 148 54 154 27 148
154 177 55 55 120 104 24
184 172 37 52 129 110 121
62 100 178 49 187 180 86
75 79 74 51 56 49 49
146 102 99 51 133 156 128
71 84 79 56 51 53 52
67 85 79 53 89 56 49
71 68 74 48 67 51 50
81 68 70 53 50 49 54
178 9 58 54 4 179 39
74 67 89 53 54 52 51
82 83 87 52 76 53 50
87 70 88 49 54 49 48
140 39 57 51 82 134 139
72 70 72 51 65 54 50
112 33 69 51 37 94 128
80 69 74 50 48 50 48
129 35 42 48 62 93 40
23 196 32 53 190 155 88
66 76 76 54 49 49 56
89 67 88 55 71 55 50
65 76 83 50 77 56 52
74 77 68 56 77 50 54
78 73 82 50 89 51 54
89 84 75 55 55 51 55
123 63 171 54 109 181 184
72 88 89 54 50 48 54
8 55 42 50 95 146 37
85 80 74 53 56 52 49
69 67 105 48 112 176 75
86 67 81 53 54 56 48
91 191 189 52 69 106 130
71 75 71 50 52 53 55
80 69 81 50 76 50 52
83 71 76 51 54 51 48
4 49 24 49 102 169 34
67 79 68 51 56 54 50
89 83 72 55 53 50 50
69 67 74 53 68 52 50
73 75 82 54 52 55 49
70 77 65 52 52 54 51
74 85 72 56 48 55 48
74 85 75 49 84 56 51
189 146 163 52 189 35 141
69 66 85 50 77 49 49
126 36 112 54 36 128 39
33 187 119 52 113 199 192
154 59 98 55 25 122 157
