86 75 75 48 50 53 48
83 68 68 54 53 50 49
80 134 141 54 64 3 35
67 83 67 49 54 48 54
66 88 65 54 56 51 56
75 71 86 48 72 48 54
74 75 87 56 79 56 50
65 82 72 56 79 54 48
75 65 83 51 51 52 50
70 87 88 52 81 53 48
174 126 194 51 94 33 178
27 143 56 48 178 181 189
67 83 87 52 71 52 54
68 84 65 52 85 56 54
67 70 74 49 74 56 49
65 67 76 49 80 52 49
116 24 146 48 146 99 81
142 96 52 55 3 73 108
80 67 66 52 48 52 55
76 83 89 52 56 56 50
77 78 85 49 67 51 48
158 74 12 56 11 54 29
72 81 87 50 72 55 48
84 77 66 56 66 50 54
36 172 97 50 26 168 31
197 129 90 52 60 99 90
