200
75
396
42
462
52
160
86
120
182
186
49
98
65
32
66
100
166
436
583
223
107
25
294
105
40
171
40
233
444
101
25
31
38
302
115
316
26
112
149
365
505
221
166
65
523
447
439
309
272
332
442
172
292
116
227
54
52
122
79
249
492
95
163
56
51
425
196
347
539
40
30
263
64
165
364
207
127
25
162
31
144
116
547
211
131
65
447
195
84
97
100
48
213
185
243
159
57
283
165
28
334
258
106
334
365
172
62
232
97
68
256
104
106
315
105
125
559
119
150
192
300
264
33
206
50
116
40
144
57
349
200
284
469
444
73
90
96
180
38
359
346
102
345
9
287
249
71
24
212
70
296
168
40
206
235
132
164
143
252
177
163
108
181
123
44
72
29
503
147
104
30
558
491
46
42
121
220
100
45
283
302
75
141
55
408
316
561
98
116
176
101
218
547
201
45
198
327
62
218
26
94
479
24
74
86
153
111
30
190
197
341
67
217
274
413
69
150
112
91
222
452
241
76
20
482
363
36
90
242
101
246
202
342
114
62
58
67
156
38
110
118
72
114
308
209
39
381
24
190
47
36
179
33
149
419
413
32
23
31
250
60
24
49
386
135
454
48
169
166
291
69
446
72
103
373
305
113
128
83
343
121
177
108
94
30
73
33
492
169
189
507
169
275
609
97
44
251
79
420
26
490
20
139
260
72
426
36
334
61
213
155
299
337
221
85
430
260
342
34
166
179
243
103
489
114
49
28
410
516
238
262
361
379
69
117
100
514
45
35
251
34
192
444
218
565
470
206
182
195
84
248
114
333
94
385
63
100
311
28
23
137
53
186
99
101
123
102
211
24
205
386
224
166
142
123
33
150
324
34
162
48
32
167
147
116
494
27
36
170
29
36
83
342
67
104
517
25
194
36
56
344
22
96
203
98
244
94
277
222
35
406
32
61
47
155
342
414
301
282
534
44
421
267
34
52
230
30
301
72
186
43
40
80
328
151
259
77
44
32
24
518
273
97
270
422
104
93
426
104
40
505
43
122
484
130
26
42
128
106
256
79
211
323
249
86
273
138
34
104
223
209
30
64
209
167
27
167
190
57
22
248
474
204
332
435
215
297
72
57
34
73
20
276
380
25
226
164
394
302
