536
642
310
206
902
138
948
169
525
555
294
467
118
45
83
759
961
214
639
94
289
184
1115
969
1348
119
153
137
931
290
110
541
191
506
96
62
152
984
88
456
611
492
81
331
145
154
729
954
176
674
650
486
1307
291
650
760
959
32
124
34
1222
716
879
175
324
401
546
68
40
360
672
88
56
487
537
245
72
512
188
701
45
392
535
313
12
202
47
95
32
204
221
204
94
329
109
118
309
105
220
364
358
38
297
644
306
944
455
278
858
191
676
428
431
657
221
991
340
153
990
582
462
317
756
1277
458
160
708
636
204
202
35
169
1043
36
559
207
454
190
113
121
99
631
391
1241
99
179
60
421
273
642
981
323
1283
116
63
256
398
203
54
589
404
1034
388
57
392
37
896
77
309
467
128
468
21
140
177
178
745
293
85
411
61
104
703
418
556
484
186
54
872
714
14
156
1043
863
343
625
112
1114
50
98
146
60
199
735
71
697
552
428
244
205
210
1087
981
477
268
658
762
307
41
148
368
984
73
1055
1382
236
348
455
140
178
694
932
376
517
154
62
447
543
43
330
572
196
306
437
261
193
1258
214
593
1096
243
926
163
538
888
1082
55
57
40
299
363
787
729
102
750
82
366
703
193
936
130
418
78
153
223
94
728
334
162
136
673
417
19
131
94
248
576
216
424
918
81
70
490
908
139
157
211
110
664
544
309
962
169
470
186
185
55
717
51
526
68
39
337
55
214
893
231
627
670
758
1328
15
281
104
107
71
568
14
380
114
65
604
43
115
52
345
94
1218
163
1149
201
181
449
823
767
496
98
662
50
281
970
526
317
120
43
53
49
321
324
95
325
19
112
37
513
46
595
815
918
404
818
628
188
371
632
778
599
411
349
685
298
253
183
493
450
102
665
423
644
334
198
310
227
211
455
308
139
433
41
252
519
410
57
558
360
997
512
56
94
185
98
364
930
121
63
715
158
151
543
680
199
1029
122
233
277
282
759
208
848
118
325
542
54
188
32
591
206
548
912
750
53
51
259
402
1050
964
95
197
295
452
568
34
68
534
426
32
1203
135
325
969
109
62
165
417
695
429
39
310
375
299
215
80
376
236
326
122
558
608
332
195
201
859
487
115
706
556
560
160
712
583
235
337
48
439
43
146
753
933
792
420
