536
642
310
206
902
138
948
169
525
555
294
467
118
45
83
759
961
214
639
94
289
184
1115
969
1348
119
153
137
931
290
110
541
191
506
96
62
152
984
88
456
611
492
81
331
145
154
729
954
176
674
650
486
1307
291
650
760
959
32
124
34
1222
716
879
175
324
401
546
68
40
360
672
88
56
487
537
245
72
512
188
701
45
392
535
313
12
202
47
95
32
204
221
204
94
329
109
118
309
105
220
364
358
38
297
644
306
944
455
278
858
191
676
428
431
657
221
991
340
153
990
582
462
317
756
1277
458
160
708
636
204
202
35
169
1043
36
559
207
454
190
113
121
99
631
391
1241
99
179
60
421
273
642
981
323
1283
116
63
256
398
203
54
589
404
1034
388
57
392
37
896
77
309
467
128
468
21
140
177
178
745
293
85
411
61
104
703
418
556
484
186
54
872
714
14
156
1043
863
343
625
112
1114
50
98
146
60
199
735
71
697
552
428
244
205
210
1087
981
477
268
658
762
307
41
148
368
984
73
1055
1382
236
348
455
140
178
694
932
376
517
154
62
447
543
43
330
572
196
306
437
261
193
1258
214
593
1096
243
926
163
538
888
1082
55
57
40
299
363
787
729
102
750
82
366
703
193
936
130
418
78
153
223
94
728
334
162
136
673
417
19
131
94
248
576
216
424
918
81
70
490
908
139
157
211
110
664
544
309
962
169
470
186
185
55
717
51
526
68
39
337
55
214
893
231
627
670
758
1328
15
281
104
107
71
568
14
380
114
65
604
43
115
52
345
94
1218
163
1149
201
181
449
823
767
496
98
662
50
281
970
526
317
120
43
53
49
321
324
95
325
19
112
37
513
46
595
815
918
404
818
628
188
371
632
778
599
411
349
685
298
253
183
493
450
102
665
423
644
334
198
310
227
211
455
308
139
433
41
252
519
410
57
558
360
997
512
56
94
185
98
364
930
121
63
715
158
151
543
680
199
1029
122
233
277
282
759
208
848
118
325
542
54
188
32
591
206
548
912
750
53
51
259
402
1050
964
95
197
295
452
568
34
68
534
426
32
1203
135
325
969
109
62
165
417
695
429
39
310
375
299
215
80
376
236
326
122
558
608
332
195
201
859
487
115
706
556
560
160
712
583
235
337
48
439
43
146
753
933
792
420
490
172
436
771
17
533
773
52
55
38
112
240
267
264
504
1134
582
802
243
37
151
726
19
664
188
456
966
518
116
103
273
685
766
601
260
112
316
38
78
186
221
83
1012
39
150
20
880
72
133
842
1020
207
900
188
413
535
92
174
142
278
737
356
86
234
27
1277
942
902
233
41
427
137
43
277
600
197
94
168
1123
521
837
54
389
332
244
139
132
1003
159
204
631
161
719
572
486
123
77
124
134
55
28
1123
70
111
72
168
635
536
364
146
70
855
390
923
615
22
221
387
960
704
261
80
68
367
69
930
473
71
150
203
1347
102
154
1118
774
15
271
70
104
409
249
280
356
249
41
347
405
48
133
630
142
396
145
209
192
59
230
110
235
546
224
1210
707
235
236
1146
338
347
635
256
309
557
290
744
385
75
114
53
423
227
93
775
518
675
86
258
744
201
205
364
1118
194
42
44
240
122
573
254
124
83
517
409
88
135
578
843
359
187
162
67
63
467
55
725
526
46
123
495
207
310
171
688
228
1023
597
152
326
323
341
1293
42
273
68
568
855
172
122
57
98
567
433
68
1256
193
231
587
826
1104
134
337
560
74
73
45
367
74
95
114
673
1371
133
785
365
485
91
537
205
94
1260
746
729
123
1346
930
211
98
248
82
314
312
870
559
637
621
212
649
32
1047
175
134
149
751
117
32
654
576
55
37
448
256
128
643
610
420
787
924
1092
233
241
65
105
1083
59
345
96
557
429
97
161
471
206
108
243
243
543
92
57
527
409
153
492
171
184
826
406
79
1088
73
78
1285
405
331
925
269
306
242
795
279
563
151
484
97
753
511
487
466
494
315
70
493
68
73
222
821
714
83
380
857
488
380
408
300
304
261
336
381
805
255
116
44
616
629
840
206
154
17
261
61
637
587
82
677
187
485
415
541
606
1345
283
711
400
145
257
39
214
878
509
196
500
471
150
147
796
264
407
716
1274
205
192
507
102
42
552
1155
57
189
194
856
486
383
635
311
557
149
302
431
131
548
605
130
382
80
221
30
333
65
1215
153
820
45
498
105
616
62
73
914
1097
86
1086
178
546
1096
394
80
30
693
119
538
47
328
123
108
128
470
1090
770
62
449
84
56
176
906
916
853
907
99
647
101
558
66
921
469
1103
494
367
625
454
1167
190
84
104
581
157
127
203
38
535
278
81
622
358
527
812
634
448
108
39
95
72
56
734
572
252
364
427
152
48
111
121
612
609
520
831
210
1007
387
292
66
921
219
394
1092
140
41
820
540
320
1039
692
54
282
789
77
350
729
190
128
63
1051
80
402
911
125
230
724
961
622
222
316
723
167
259
214
430
69
571
601
291
403
190
150
772
558
506
1095
380
373
643
347
819
730
53
973
455
400
730
55
619
206
46
77
321
122
407
909
319
250
390
1161
1092
325
201
174
91
235
167
100
461
611
51
57
197
43
77
414
1048
197
573
105
657
154
130
109
192
417
81
55
442
127
202
51
80
292
3
43
368
714
200
245
451
322
868
42
424
444
16
160
625
134
44
262
203
920
592
163
1350
130
17
97
455
1103
199
589
436
88
318
200
403
361
87
999
89
870
888
104
85
117
286
57
123
52
49
82
73
331
1046
507
50
105
59
450
123
1053
145
68
518
507
574
509
942
953
828
695
111
764
83
91
887
292
228
38
800
152
601
43
262
447
844
83
140
754
474
358
20
567
440
936
188
425
452
357
251
980
246
391
295
299
434
77
358
46
1027
269
842
1077
87
124
195
79
47
33
593
85
72
58
786
64
547
479
526
131
583
559
329
191
538
86
66
127
161
167
654
1072
19
232
299
102
378
800
191
416
999
157
781
312
98
45
243
78
126
123
323
109
433
417
195
435
65
277
237
290
984
277
165
438
70
1116
563
252
131
416
426
849
189
615
253
236
627
169
184
76
280
81
1200
755
82
550
319
1238
362
128
515
387
342
148
1134
125
208
103
747
84
1106
498
210
248
85
872
342
149
200
253
83
189
936
596
45
380
32
336
804
73
377
487
519
65
307
306
315
225
200
551
52
109
279
236
497
44
235
44
234
1013
898
608
264
331
418
42
36
1072
218
731
290
269
61
399
40
672
164
467
652
537
997
147
487
79
105
54
68
488
727
203
241
241
270
419
231
359
215
718
716
178
1158
424
99
814
428
184
555
44
600
332
286
45
1076
364
344
399
416
83
107
118
78
402
478
406
668
626
620
270
733
303
626
347
97
676
643
265
370
1215
40
598
709
543
822
643
476
300
165
387
703
529
244
259
132
33
268
459
141
278
48
277
353
617
894
84
518
164
295
41
465
