681
800
389
256
1150
176
1208
228
654
719
374
593
156
64
106
967
1211
295
801
121
368
250
1417
1220
1722
160
205
178
1188
379
140
680
227
661
123
79
193
1252
124
584
769
623
107
421
179
196
924
1217
229
865
817
610
1671
371
822
967
1224
48
162
49
1560
917
1124
219
412
528
693
86
50
468
846
116
76
639
673
322
93
661
238
894
57
505
695
397
16
248
60
115
43
267
280
261
131
431
135
159
386
141
289
468
477
56
386
823
404
1204
574
358
1105
235
860
566
559
829
278
1264
420
189
1259
752
585
405
971
1634
576
204
899
825
265
257
42
212
1332
47
713
254
582
253
143
160
131
810
503
1594
128
225
73
519
346
814
1253
419
1637
146
85
331
501
251
71
765
511
1316
509
70
513
48
1134
103
395
595
167
604
29
188
228
239
949
382
114
525
70
132
895
548
706
634
232
68
1111
897
19
187
1330
1090
427
804
140
1423
70
130
183
74
253
923
96
884
707
561
328
266
269
1384
1252
609
339
834
968
392
66
202
475
1254
94
1345
1768
314
455
572
173
232
887
1184
486
658
199
83
557
688
59
432
742
258
404
551
331
241
1601
273
752
1401
313
1200
214
693
1132
1374
74
73
54
378
452
996
914
132
949
105
451
900
250
1195
170
534
102
180
272
122
930
431
213
164
854
525
26
167
138
320
734
276
549
1164
94
96
631
1153
180
198
268
144
846
695
400
1225
217
623
244
252
66
898
70
657
94
48
445
66
257
1128
290
786
838
972
1695
20
369
135
132
87
740
20
488
147
81
760
57
155
70
443
130
1553
208
1468
262
238
569
1050
974
617
128
841
66
361
1254
671
418
150
56
69
65
425
413
127
418
21
141
50
649
58
748
1037
1189
508
1030
809
249
476
804
996
753
547
461
877
381
306
231
622
575
132
838
550
833
440
255
409
298
271
569
401
177
534
59
308
678
534
82
700
459
1273
653
77
126
235
126
463
1184
157
85
913
198
201
694
851
247
1313
151
297
350
347
961
263
1065
148
433
689
68
260
47
756
266
687
1156
960
70
61
341
525
1335
1233
121
256
367
562
735
40
78
690
553
46
1538
176
398
1233
141
76
207
528
884
553
54
381
476
404
283
105
489
306
425
153
711
772
431
256
260
1097
622
144
896
707
705
218
915
731
293
422
64
577
52
191
963
1201
992
558
640
228
573
962
24
696
968
64
71
50
154
311
347
334
639
1446
735
1003
322
47
193
908
27
833
242
578
1222
658
153
132
347
874
963
764
323
142
401
45
100
242
289
106
1284
60
197
28
1116
84
174
1061
1298
256
1150
237
523
678
118
224
193
345
937
471
109
285
41
1629
1213
1146
296
50
536
172
55
341
766
268
124
225
1434
666
1059
67
493
427
310
176
173
1283
202
266
823
202
918
724
623
156
103
151
177
68
43
1434
91
137
94
216
804
668
455
183
94
1090
496
1172
788
31
275
495
1212
885
324
104
101
470
89
1187
618
88
201
263
1730
134
195
1435
1004
20
363
81
139
512
327
361
438
320
51
442
527
59
175
798
172
516
186
282
236
76
280
143
298
692
288
1543
900
286
298
1464
432
458
812
312
405
701
377
941
507
97
142
61
520
297
112
973
651
864
112
328
959
251
262
479
1435
251
57
50
316
158
754
313
155
109
682
503
113
173
724
1075
467
225
205
84
82
590
68
915
652
55
164
627
264
407
229
867
298
1303
767
183
428
398
435
1649
55
334
96
712
1088
218
163
72
120
711
571
83
1618
243
300
739
1055
1404
165
436
712
89
92
61
474
93
120
133
863
1760
177
999
463
608
127
698
247
123
1605
953
929
157
1730
1187
285
128
315
105
403
400
1091
705
794
781
288
831
51
1340
233
174
197
936
146
44
827
727
66
45
564
331
170
834
781
529
1006
1167
1390
314
299
86
132
1383
78
427
134
704
527
118
211
605
260
146
314
314
705
118
72
672
516
182
622
206
242
1042
534
99
1385
106
101
1649
517
418
1173
344
388
313
1016
357
712
203
633
122
969
655
608
607
639
408
93
643
93
97
289
1048
896
101
500
1079
619
505
515
386
376
346
432
491
1024
306
153
60
783
798
1068
275
212
25
317
78
813
751
105
862
238
634
541
705
771
1719
365
911
513
196
337
47
295
1125
634
253
661
601
190
193
1014
345
518
910
1630
274
230
643
132
59
699
1468
67
258
254
1083
633
498
822
395
725
196
367
567
169
712
786
170
509
107
286
43
438
81
1550
189
1026
54
648
136
781
73
95
1157
1400
102
1388
230
707
1398
505
101
40
879
157
671
58
439
161
141
168
608
1386
974
72
565
113
68
230
1143
1165
1078
1149
137
822
122
719
76
1180
603
1402
623
479
796
594
1486
236
116
135
752
212
160
266
46
685
341
104
785
455
669
1029
799
588
148
45
125
87
69
945
715
323
484
556
202
57
144
145
774
774
675
1049
251
1288
488
372
84
1172
283
502
1396
189
56
1030
701
419
1323
865
75
358
1016
104
463
913
242
162
89
1340
96
495
1155
169
290
926
1227
801
294
406
920
216
332
278
555
91
716
768
369
499
245
189
970
701
658
1396
464
480
807
445
1043
938
63
1239
599
495
926
72
794
249
66
100
412
155
517
1158
395
318
480
1480
1398
401
265
222
119
299
210
138
596
778
67
78
264
53
98
541
1331
265
745
135
820
190
162
133
241
551
111
77
567
162
265
62
103
360
4
52
480
907
253
328
572
409
1104
52
544
562
21
203
795
173
61
324
255
1170
748
214
1722
180
23
143
579
1411
247
750
568
114
412
264
514
472
107
1276
110
1115
1139
129
104
148
356
77
161
67
64
115
96
434
1326
649
57
135
71
591
151
1338
183
80
646
647
748
646
1198
1216
1058
887
152
975
110
110
1132
386
285
46
1014
216
763
61
346
582
1066
107
184
944
606
442
27
744
555
1196
247
538
566
473
324
1266
316
503
361
382
565
100
458
55
1305
342
1076
1370
112
154
257
92
59
47
756
107
95
75
999
70
713
622
686
175
733
737
435
255
682
103
86
170
205
198
827
1372
25
292
393
134
491
1026
252
536
1271
190
994
403
131
61
325
97
157
150
403
138
544
542
252
567
89
338
307
376
1256
340
205
562
92
1425
733
331
175
539
540
1089
260
784
334
301
777
216
252
98
361
104
1526
964
104
726
400
1584
465
168
651
494
433
184
1449
167
266
144
938
121
1420
626
259
329
110
1109
439
189
240
337
107
234
1189
766
52
487
50
413
1026
92
488
626
674
82
397
400
411
308
254
689
63
145
344
309
651
55
304
52
299
1284
1163
778
333
430
546
50
51
1359
280
931
369
333
70
501
48
841
223
596
821
703
1271
186
610
101
134
64
98
638
924
242
325
316
332
544
299
453
279
910
897
226
1476
533
132
1040
564
243
708
52
771
436
375
71
1371
466
444
510
527
105
137
147
97
496
595
528
863
781
789
356
920
387
796
441
141
860
819
349
477
1551
55
771
905
705
1039
803
621
400
212
510
900
683
294
328
173
42
357
588
178
337
61
346
457
772
1131
109
674
210
388
52
590
139
976
639
583
441
1110
158
1324
261
705
125
1359
686
1566
617
45
115
341
373
20
948
1144
236
1220
195
717
132
62
328
1203
289
273
83
890
1225
252
220
93
224
140
625
496
418
649
73
77
162
365
455
777
387
277
1620
825
249
1043
199
1147
466
189
110
951
57
707
364
267
693
592
311
335
72
339
180
188
298
29
65
89
100
238
242
1371
559
580
190
45
339
284
75
458
455
1033
100
190
605
104
256
147
968
116
887
343
425
129
115
395
132
1300
953
316
406
582
387
69
412
750
199
243
311
78
177
157
226
99
370
1281
67
617
322
1299
1017
1377
68
627
599
135
1308
1691
211
441
425
341
940
866
699
71
128
91
726
855
171
953
1124
868
164
809
185
24
109
587
86
832
473
97
238
64
1686
331
1074
350
275
1018
260
835
281
209
763
229
487
72
1581
257
124
1269
1280
82
46
108
268
433
900
697
1253
129
96
325
833
181
217
346
157
118
559
589
1206
1001
141
573
560
584
1147
1026
180
392
652
918
50
370
1623
132
94
1241
665
308
782
106
461
1132
461
382
430
412
564
137
503
285
463
415
21
437
168
387
322
612
1628
288
44
84
189
311
370
62
240
315
1477
660
501
21
366
428
114
246
246
1063
339
1
316
120
1584
201
527
126
412
146
145
166
623
101
1138
967
728
62
359
465
990
182
472
214
284
22
95
49
123
217
581
70
133
116
440
808
104
587
541
873
237
657
633
230
165
86
63
276
187
297
734
126
57
833
319
124
174
663
492
400
69
1228
542
182
234
368
342
389
1300
504
602
32
272
351
364
406
349
134
322
291
205
1672
2
1319
113
460
219
1083
153
435
67
843
534
105
669
738
439
263
119
70
935
578
673
1412
1351
643
391
905
935
1274
721
388
325
817
804
412
342
250
800
404
310
1088
816
618
722
171
377
222
766
290
97
180
1278
157
291
595
928
448
1501
1588
68
219
200
340
237
764
262
684
385
474
1301
533
214
405
1050
477
246
57
600
868
998
181
452
572
211
63
685
171
518
383
1224
673
487
171
724
293
385
1345
370
110
715
357
71
348
858
692
975
117
527
978
352
461
809
354
65
482
221
772
847
186
806
149
379
74
313
172
759
370
818
616
48
56
678
54
327
775
157
18
556
573
291
270
115
139
255
67
384
1420
1114
167
288
780
321
444
72
881
761
318
1177
60
800
1054
635
459
129
47
499
100
652
378
1416
57
180
325
397
170
1508
434
61
170
485
837
979
899
47
675
327
504
68
103
168
125
1550
817
245
836
200
359
124
640
634
329
1252
559
628
620
416
189
605
1105
104
778
422
971
600
1133
200
1197
118
586
245
725
666
625
801
311
259
70
256
109
542
1013
162
73
488
105
1020
124
940
348
338
348
247
76
322
381
237
181
249
407
554
202
374
129
580
53
475
7
406
93
1073
470
1547
1424
1037
53
552
973
223
353
228
62
143
1020
319
147
73
1180
109
760
266
439
151
478
521
961
857
788
178
199
378
291
1650
157
1453
109
98
65
566
742
584
443
298
1028
719
493
83
509
1259
1524
303
601
112
75
405
216
1366
338
1793
439
148
248
47
767
1469
119
414
696
1266
216
76
111
757
814
1098
46
135
434
305
1371
1074
124
21
1606
415
761
604
450
1161
634
1063
402
209
1038
70
74
1060
107
1011
124
787
77
1352
1033
550
349
1355
68
444
234
61
911
1625
641
253
151
126
104
463
118
98
538
283
50
57
383
24
763
172
413
273
68
130
662
551
1419
299
52
594
1355
101
199
473
142
197
659
106
258
325
570
614
196
129
111
74
601
468
54
407
1120
689
89
88
31
360
546
1309
502
710
287
212
834
969
117
773
78
1038
74
529
194
215
935
262
163
1406
375
1365
749
1135
125
173
521
701
529
642
866
307
804
247
1554
880
289
25
921
499
102
201
296
575
367
302
453
1160
580
1280
361
66
133
189
448
151
1211
33
414
110
181
82
217
938
41
722
980
880
176
80
1480
1526
95
1023
1113
66
254
1208
354
24
1568
439
261
180
961
1398
1023
77
1017
244
656
775
106
736
61
129
106
203
982
127
123
242
376
138
55
761
742
1330
1164
96
806
348
631
836
996
51
488
126
692
407
544
288
164
86
807
1544
899
135
78
132
461
529
114
1581
289
916
563
88
150
640
458
1048
461
881
88
39
95
328
515
735
581
1624
438
65
140
73
177
987
397
130
820
658
396
248
73
398
1054
312
438
1595
593
344
396
473
253
529
967
527
113
198
1191
296
747
1144
52
351
993
303
1557
1303
678
744
112
1256
84
307
175
326
112
1087
105
43
725
577
891
433
75
465
1003
71
1061
1110
123
1308
814
275
322
759
1421
116
655
817
621
63
283
256
953
264
108
151
273
304
1320
139
251
1108
84
642
116
58
240
464
107
1781
1034
682
359
384
253
843
114
1350
299
467
221
732
200
428
102
197
87
797
70
657
234
744
596
829
67
160
444
348
432
888
88
121
132
236
316
393
537
864
1753
624
493
102
1448
457
109
1079
261
165
612
505
1296
193
794
820
663
115
156
121
131
267
463
383
84
232
921
389
783
1237
175
242
430
707
230
513
334
1704
488
93
667
316
565
818
638
148
872
404
1003
675
372
879
481
241
1168
174
699
231
378
176
675
418
479
20
226
440
28
175
177
378
593
514
726
441
1316
584
1121
92
117
51
148
861
194
69
311
160
1095
275
67
619
348
491
350
180
1005
441
211
339
126
74
484
519
227
400
499
617
48
23
685
220
672
147
54
138
270
119
551
420
905
231
897
888
1011
889
332
263
1114
728
902
88
159
144
418
725
1285
944
394
45
866
391
978
370
180
1088
870
58
954
1130
623
411
113
1425
644
63
164
343
661
171
1740
411
110
96
201
862
1058
463
451
124
1424
453
1364
386
596
685
169
1541
205
540
413
257
692
775
1378
359
405
1303
120
307
61
99
391
141
117
431
85
230
803
1261
1077
676
21
580
710
470
113
203
197
373
259
639
60
217
133
284
1197
682
832
1240
227
821
712
105
867
1112
934
220
474
233
308
745
331
231
104
1182
76
350
1707
271
860
159
257
94
805
59
250
270
923
746
396
1519
684
108
294
191
186
170
779
106
436
319
266
734
828
172
46
206
618
969
486
47
181
569
275
403
1386
55
1282
315
656
123
1108
312
898
1124
48
187
157
434
243
467
138
1221
527
909
97
915
84
96
484
69
140
163
173
451
85
449
476
511
1061
90
871
1193
256
324
362
231
1181
293
253
742
262
105
40
115
573
281
1478
182
179
186
405
217
289
600
1342
1531
298
1361
190
632
556
551
377
976
118
759
256
445
230
260
153
1381
204
441
746
1090
90
337
542
13
184
370
257
1018
1464
1354
245
54
92
124
471
1506
1249
993
211
220
1423
48
575
327
998
1210
53
472
1349
692
871
1026
229
412
42
736
402
429
1539
356
192
54
476
997
261
729
146
216
224
1383
191
55
289
123
447
1148
46
1182
864
76
131
1087
612
761
468
813
419
657
173
52
137
124
47
77
398
58
1216
1452
120
118
167
994
118
506
438
504
416
287
82
539
258
104
1410
546
1596
925
1612
192
259
358
669
242
206
189
150
819
453
942
524
824
56
648
818
292
48
175
579
167
78
977
1204
83
764
721
146
68
1288
1201
531
470
162
293
96
29
21
332
402
455
370
98
79
548
479
109
1480
212
819
185
341
219
835
653
1203
984
151
549
77
118
53
213
75
302
450
1625
521
912
127
924
62
1572
419
1041
219
486
234
731
305
351
948
56
657
269
704
216
1032
959
988
811
170
784
337
478
55
1102
139
651
1503
161
777
477
681
176
75
561
536
1175
217
522
584
491
400
331
58
46
67
759
260
192
96
151
1152
144
51
102
647
365
223
504
656
225
266
279
594
77
1598
1084
365
1442
954
348
707
915
84
54
66
126
633
422
501
166
576
1281
376
191
829
25
180
955
496
916
136
199
573
632
347
115
1145
59
85
482
40
444
147
175
657
1191
904
1123
134
193
209
543
364
53
339
472
1703
221
43
582
213
60
1133
875
1330
862
26
157
83
769
621
642
431
395
1229
452
1161
43
647
86
121
821
990
366
471
441
1050
917
604
697
79
1496
47
991
238
573
156
1044
480
489
119
1410
339
1124
1167
274
101
817
148
931
65
284
300
297
152
426
1165
238
804
445
338
161
54
968
183
867
511
321
1319
91
813
267
608
593
193
213
853
223
931
1111
985
911
900
668
766
363
309
489
774
189
1325
1323
106
268
312
55
747
118
1027
360
1181
58
106
873
79
161
133
137
292
73
20
578
234
143
659
288
660
1544
962
251
527
222
49
293
882
111
250
154
647
363
646
24
51
346
665
122
624
367
348
677
25
302
465
178
85
428
323
341
457
118
127
104
257
447
296
472
556
236
58
85
233
341
1183
422
1087
791
601
218
226
228
100
188
64
439
319
423
314
305
1160
635
207
69
461
333
132
294
1695
388
285
156
769
385
235
89
455
1219
53
722
791
320
1536
55
983
88
66
107
288
509
140
180
134
20
354
349
555
192
1009
567
415
117
266
147
70
234
295
147
223
1140
440
1220
312
627
941
759
575
450
247
296
65
515
149
571
105
49
150
509
103
78
251
64
715
152
1623
209
482
146
215
541
311
489
797
614
171
373
912
580
946
56
361
158
591
287
639
645
919
299
1119
175
96
297
546
1076
1587
329
801
629
1436
359
231
861
251
104
741
537
698
735
376
674
1148
615
45
147
245
392
255
298
1518
184
1047
310
186
237
59
66
628
526
93
1026
281
967
164
1311
366
51
395
123
76
107
841
555
605
1231
211
874
329
1119
266
468
221
1031
306
119
888
71
394
29
129
247
785
239
457
393
219
1036
1153
155
79
148
206
172
45
887
48
397
125
135
368
152
71
94
977
523
44
1703
407
81
779
191
1521
1210
724
1163
355
767
850
205
191
54
185
73
375
305
50
102
245
162
93
241
352
89
158
1240
145
70
444
576
116
351
428
456
560
157
554
505
423
41
44
935
665
179
21
54
1179
376
182
663
351
1305
293
780
45
126
68
1105
307
344
579
210
424
826
562
46
51
90
675
144
223
707
895
1263
99
1091
442
769
898
26
344
1392
1255
167
966
165
64
49
1057
768
1377
144
260
250
58
57
622
721
148
489
44
740
225
107
854
280
75
67
448
137
53
247
376
258
573
1001
236
1237
161
296
787
1136
369
102
799
81
582
576
1108
649
131
230
267
50
45
183
127
116
293
1353
1243
818
407
1125
1139
410
1127
1023
305
145
1038
253
90
510
1446
39
133
237
267
178
554
1405
287
199
939
786
339
99
544
41
206
1148
395
434
1174
57
1784
671
123
570
774
423
388
25
375
640
876
513
162
285
591
1005
395
504
700
476
222
43
68
175
103
833
94
647
625
360
46
1576
20
116
77
88
666
817
700
433
76
57
43
279
47
1565
1003
852
113
729
98
668
659
508
311
807
90
47
374
462
884
400
87
170
220
96
659
1130
252
113
915
852
935
1518
627
390
131
99
80
419
394
137
68
997
117
662
661
110
496
186
696
963
1049
140
88
1578
767
204
160
306
813
1290
713
77
1623
609
242
411
561
1127
1115
1599
1226
1005
272
715
827
597
456
1303
702
73
70
46
209
288
562
107
192
288
376
112
56
267
485
551
524
671
395
1328
816
434
248
1384
745
1488
173
459
271
1266
83
1029
438
57
466
495
689
61
1067
414
537
61
887
147
1122
855
306
113
100
1015
328
147
238
444
735
1481
227
54
380
637
281
940
1017
225
260
357
87
1480
89
106
293
1361
731
397
498
850
45
41
1210
575
1400
233
145
322
652
419
90
408
133
56
1210
140
773
78
604
153
692
655
1222
601
640
163
408
1053
1237
391
350
268
1067
209
108
327
718
380
220
1492
878
897
60
209
373
204
1155
632
243
790
577
151
937
215
125
435
102
80
309
252
553
42
1338
228
60
385
299
599
1144
925
1120
274
363
918
1016
163
362
244
76
631
1356
726
738
151
400
168
690
1622
236
1396
112
1051
195
379
510
521
251
93
289
1330
489
318
571
127
454
123
1145
166
543
420
514
303
40
414
240
705
307
659
710
134
369
780
723
717
56
236
216
700
241
489
1362
273
223
699
364
731
551
287
69
462
636
239
760
1337
356
218
936
531
50
569
1077
669
1060
293
1598
894
261
702
71
252
223
158
805
900
87
85
102
54
579
206
262
164
520
270
569
375
300
1490
449
533
881
110
142
67
142
42
381
96
380
851
388
295
1081
161
1268
87
537
1252
336
85
100
1576
88
610
72
881
588
395
820
147
84
792
234
616
1671
1250
377
615
591
241
228
861
104
548
860
979
346
50
167
129
184
906
880
696
584
229
513
124
515
1127
1272
310
84
86
100
717
153
651
748
1433
95
149
1189
755
975
486
382
1799
937
308
977
1073
939
88
1379
539
83
47
1307
1133
801
1160
781
186
173
1356
996
491
69
1246
526
493
188
256
812
381
77
89
563
1692
270
1483
252
1049
611
999
187
181
460
333
934
1247
614
667
561
61
924
569
491
398
236
197
199
1079
58
585
708
1086
412
468
203
120
47
173
1735
55
1190
615
1135
61
1109
77
79
599
219
603
1050
1176
721
293
189
1397
586
119
762
516
581
292
241
429
1120
220
521
1016
63
108
150
74
87
116
489
54
42
260
223
616
220
45
352
449
352
887
161
1315
528
85
260
188
262
771
838
1348
218
368
415
1193
1266
656
62
1208
1037
91
570
148
113
117
199
984
139
1437
774
324
914
25
56
80
385
53
127
211
80
553
623
48
697
293
679
43
111
562
180
476
191
1766
342
878
412
75
1125
296
743
760
650
33
305
52
597
554
1294
989
857
61
96
789
538
1305
1111
211
101
1078
497
79
122
48
348
1147
229
147
811
781
208
172
196
1295
139
68
150
146
57
924
60
577
461
134
1495
226
442
572
637
90
549
1245
109
199
1091
262
99
72
266
63
423
843
428
42
60
722
1145
588
536
454
1084
561
482
783
130
48
47
195
79
525
408
1348
439
520
272
266
314
359
912
301
75
188
616
728
253
389
601
356
558
64
283
44
431
663
42
136
876
270
1156
51
763
776
598
809
604
971
938
654
150
288
1308
585
1143
87
1468
935
265
464
267
63
354
158
219
176
444
1105
577
570
248
1041
681
148
1180
56
637
400
558
63
503
112
109
1094
307
415
185
72
275
691
319
1076
467
408
172
251
936
142
704
455
370
1745
887
65
1396
834
109
167
456
445
250
536
933
359
574
348
50
58
666
541
640
478
345
1035
27
1032
524
92
1387
161
130
880
832
307
38
756
206
1173
232
384
658
287
589
768
463
459
1455
360
1118
1235
570
1506
1646
298
18
100
159
473
647
826
44
1085
956
151
329
365
48
555
313
24
1257
410
1342
94
481
57
204
62
77
74
332
398
333
637
1521
200
470
735
526
479
131
179
96
366
197
269
51
111
432
113
68
219
189
549
212
274
198
610
109
367
126
1131
486
150
386
1749
290
53
644
109
134
310
296
1011
816
303
824
210
377
199
1026
114
608
795
1138
569
1557
70
76
81
1384
773
282
1036
160
1021
612
61
818
493
606
328
1037
364
896
361
82
48
658
463
957
360
547
248
104
313
773
737
68
564
769
134
40
194
104
68
468
447
521
385
147
165
290
562
1216
978
1092
447
251
661
143
767
192
293
677
200
241
54
73
816
504
1166
62
1588
206
87
47
1077
402
772
887
73
610
40
62
1094
69
483
1068
1190
666
239
1270
386
285
213
839
453
225
989
1217
538
494
209
1471
529
286
770
1167
50
1378
1666
687
250
781
726
774
185
210
113
512
164
1481
733
1420
363
177
326
864
919
103
51
24
220
175
273
35
1259
1511
1474
486
567
423
1503
82
659
1227
110
157
44
629
467
1072
144
100
191
53
83
607
719
158
683
116
671
1104
1489
1240
1497
439
1511
381
930
514
1471
400
289
51
60
494
429
913
823
767
742
49
696
1390
1158
274
90
49
118
1002
167
920
453
336
273
544
201
1103
165
409
192
263
190
158
479
37
181
436
1065
558
3
311
599
357
524
140
148
290
168
660
1217
266
867
276
543
405
134
514
509
495
40
894
264
372
1125
202
324
320
303
193
305
1028
230
64
493
927
862
1035
444
1487
134
87
168
1749
493
495
1143
437
184
609
459
1143
133
704
1414
396
346
221
386
49
1262
208
1430
782
306
344
22
175
500
246
126
85
492
54
1331
662
479
1347
743
121
1078
57
87
128
74
1147
150
230
341
50
110
619
100
616
631
334
1110
112
85
235
316
183
487
1260
294
939
290
464
1031
625
470
278
788
251
145
347
244
805
164
48
70
1133
219
96
610
316
98
1357
675
712
90
43
732
755
283
895
631
1040
90
354
413
311
854
307
148
1245
375
1464
393
197
614
157
116
756
44
498
21
434
502
252
560
147
82
863
701
107
331
462
184
490
208
313
1585
347
522
1450
427
130
1287
126
127
861
566
438
1067
666
1075
54
1751
451
364
726
500
1397
443
898
115
117
196
129
203
440
1217
277
116
391
128
542
1098
90
880
1237
634
88
440
1240
166
832
786
439
207
189
96
228
819
44
42
61
945
197
277
1543
504
119
788
326
552
317
1651
799
624
27
305
259
279
1247
832
101
282
724
151
1347
546
224
77
840
272
344
523
261
244
1014
792
112
1237
64
549
116
645
461
704
80
857
81
367
808
191
52
1258
276
732
53
300
352
1008
374
126
846
158
532
613
1325
405
791
61
681
22
162
346
656
923
379
691
259
342
263
319
156
175
250
214
1155
221
242
336
108
993
1012
171
431
500
157
863
278
80
812
451
127
245
127
370
1279
315
1534
323
387
874
125
187
77
108
352
1031
1149
79
165
621
281
81
1011
294
501
968
378
635
138
683
378
563
158
661
173
224
323
106
535
1190
594
41
351
86
1549
381
113
189
927
739
361
805
956
263
477
496
370
1013
113
1487
161
474
585
1243
785
143
43
908
42
386
243
183
1256
794
436
696
614
344
449
513
447
114
944
933
236
327
41
881
173
277
947
298
117
552
755
1649
154
644
294
1538
533
145
871
669
663
871
23
299
155
1096
348
501
191
109
256
261
139
418
210
51
116
50
1356
319
855
1133
402
500
167
68
531
210
33
108
1034
368
341
1174
1299
262
729
144
556
202
198
1048
670
191
249
306
246
366
1284
139
334
154
1168
593
42
53
259
110
1360
520
99
487
948
1535
1219
1159
582
167
389
45
167
78
140
517
1424
1243
127
446
285
634
699
1145
484
538
844
86
143
639
158
700
178
107
141
172
78
521
1597
698
721
1143
59
1262
783
676
738
417
341
235
56
284
253
806
417
86
161
1287
193
618
74
70
207
281
129
333
288
72
407
570
933
214
548
126
174
1321
1518
171
197
59
50
215
203
193
111
662
297
1008
393
604
51
927
616
235
110
73
717
194
46
219
1203
173
61
1336
1086
322
57
165
89
339
357
405
507
702
166
121
20
1282
62
1151
535
133
126
1266
116
245
708
856
724
1188
199
547
533
426
571
114
60
80
184
432
210
719
88
609
689
22
537
742
457
3
341
1035
7
892
674
999
444
362
1003
293
471
346
1496
1296
610
132
443
176
516
326
160
874
648
1329
500
1451
201
158
626
193
41
852
383
186
54
56
126
72
1663
217
1195
422
55
1328
998
415
1123
244
576
179
702
52
486
123
335
52
786
269
473
649
109
707
166
215
151
336
55
406
570
354
622
48
1359
608
198
764
557
564
397
1425
456
59
862
144
1077
1297
409
865
569
216
684
569
497
281
378
726
1548
1758
107
1127
1333
513
259
621
289
59
978
243
136
49
301
1100
245
41
239
357
492
175
549
977
791
22
722
216
957
175
184
91
318
70
581
62
30
1089
893
870
845
135
224
540
767
663
744
408
214
139
47
233
1517
256
1322
493
510
60
126
255
288
742
60
164
61
182
1663
91
833
264
1099
187
1080
506
397
66
1173
84
1165
427
243
180
271
420
1265
719
142
1411
489
966
407
87
519
563
120
280
677
396
567
289
176
410
684
354
196
429
812
124
813
57
172
286
217
776
230
88
339
129
854
526
1509
147
1200
715
147
693
695
297
1549
1147
1141
478
52
441
482
103
477
596
1049
302
528
455
127
462
135
581
988
114
143
344
43
426
769
609
307
1306
75
733
287
294
409
1116
378
550
1182
1014
273
204
188
49
94
510
662
752
882
266
73
1272
414
1108
97
206
432
227
1320
438
96
67
75
564
484
1127
246
118
1021
311
53
21
1111
342
416
174
1029
55
369
1264
1045
168
359
505
344
61
63
1148
54
606
1468
652
123
765
107
529
1445
684
842
692
128
181
980
220
1206
229
496
465
360
182
386
1214
608
660
547
173
1033
307
408
95
884
138
542
1272
629
902
120
783
1042
256
307
200
187
961
106
280
531
77
452
920
575
369
56
152
716
267
1353
45
706
423
110
268
692
1336
222
189
380
378
79
100
331
329
450
82
405
490
111
90
121
63
135
110
59
136
179
577
1399
510
318
43
296
305
723
44
410
753
166
233
93
181
200
908
430
107
512
313
125
182
109
238
954
56
403
257
703
399
516
116
310
63
1231
145
55
510
21
1258
349
180
391
628
609
1078
193
254
56
229
132
432
112
311
31
486
24
651
162
215
574
855
43
559
254
458
202
255
1454
360
913
102
494
754
322
76
502
347
566
91
29
815
114
120
264
548
583
120
212
304
70
749
1166
932
180
250
299
317
885
153
483
428
1286
175
957
894
751
317
209
243
438
348
847
518
88
237
999
210
1047
105
573
179
150
484
71
782
1286
179
624
264
1436
156
111
639
1230
350
444
1303
115
52
105
392
26
205
273
778
1684
1222
764
88
1140
914
260
202
633
345
380
168
391
205
492
348
607
984
225
314
52
545
533
542
69
1216
1726
227
112
134
1381
627
201
809
320
50
424
150
722
1395
816
816
115
1068
527
125
1168
187
130
300
908
364
415
61
476
701
674
1362
258
783
374
55
78
660
537
95
225
799
405
528
64
546
978
1188
258
259
198
357
282
982
451
389
139
328
331
748
156
89
706
199
534
749
1728
816
188
1046
194
932
976
64
61
1564
346
97
1332
287
20
68
111
113
279
440
386
653
128
432
78
130
991
594
1092
1123
197
335
57
830
156
130
206
628
994
467
74
491
733
339
507
527
928
292
66
448
59
336
853
311
93
53
513
267
252
334
639
20
504
1223
158
1064
211
587
143
537
307
298
57
296
404
46
368
54
203
662
472
208
970
669
43
127
123
392
135
653
160
416
1277
431
174
179
699
172
121
621
1214
310
278
1340
303
573
323
382
793
245
188
937
1331
43
48
1194
1699
157
1336
96
71
1042
228
859
71
275
159
52
68
253
67
313
140
830
1518
237
458
1234
122
1382
688
644
51
303
291
1514
386
287
201
354
552
109
1603
1044
977
265
1418
1160
176
231
152
43
59
226
286
427
450
843
234
1239
447
88
662
31
445
802
83
578
655
153
57
171
474
122
663
824
363
771
118
670
424
55
447
1069
841
19
616
967
269
320
328
374
195
866
751
942
816
895
218
224
123
301
439
557
1291
304
1313
64
726
66
194
263
152
719
183
1227
84
1000
53
89
261
366
990
174
519
212
588
477
340
180
83
473
625
268
373
773
117
630
40
252
196
1335
315
788
869
1782
148
809
99
1201
510
74
380
110
1211
698
176
258
748
1183
348
722
890
181
340
646
772
885
198
1100
661
56
1354
503
1231
799
446
387
44
225
549
785
118
611
339
130
26
1038
481
107
616
1432
169
270
1436
120
306
140
421
61
1019
202
438
1116
191
83
214
572
53
1184
431
333
270
918
456
53
923
779
520
90
860
895
1090
201
218
668
185
1005
229
217
399
236
985
292
47
1324
22
111
92
200
875
172
926
351
171
763
325
669
1421
774
308
1664
649
44
571
343
208
686
69
64
163
365
114
269
580
1556
398
670
654
424
902
394
823
1376
208
536
361
189
1302
258
441
1374
310
550
600
604
440
1599
1627
777
527
107
239
329
783
868
182
811
634
477
428
313
681
67
87
278
1597
364
907
404
1623
662
229
857
81
640
79
104
23
557
361
1138
659
107
100
316
854
1268
148
245
373
522
62
107
89
68
182
302
1084
243
950
383
577
208
273
1069
778
153
1268
64
796
635
125
176
1173
341
886
505
213
512
522
230
109
203
61
419
337
471
545
1035
214
69
1275
111
51
765
260
105
269
1014
521
179
590
91
321
541
975
718
608
77
98
276
151
142
467
93
544
182
1545
722
1287
1135
326
506
224
506
287
112
103
740
151
1008
251
156
441
1287
700
165
1600
168
132
476
423
986
362
482
260
260
87
22
368
65
526
606
314
1147
1681
51
81
482
183
334
336
1148
897
71
103
187
417
209
1230
309
1111
52
1380
218
608
263
220
1497
439
241
278
60
194
746
248
743
295
1052
583
1497
831
629
312
156
151
463
266
567
51
510
143
770
867
166
226
62
936
393
670
345
1750
113
252
1085
257
749
766
47
655
725
1524
134
187
709
190
932
163
185
364
506
618
48
801
1061
800
585
262
88
523
617
356
485
129
256
169
208
1105
61
142
1346
598
616
718
67
163
801
527
831
312
268
182
348
932
560
384
572
895
364
687
744
259
573
1054
707
980
78
68
967
74
198
766
99
128
118
446
726
1036
1055
140
514
82
270
740
239
446
326
428
760
98
139
73
145
227
648
49
48
1068
870
604
55
62
1720
86
170
146
95
339
508
90
531
418
537
802
54
893
431
1011
1077
190
266
1104
229
462
260
369
319
367
601
20
769
394
79
166
268
270
393
1009
156
78
382
862
945
202
866
648
81
604
839
259
257
68
748
530
420
168
416
1471
161
238
231
163
1316
1743
1080
286
201
406
381
160
336
517
123
277
668
161
1290
299
208
683
237
139
232
101
749
76
971
616
63
170
93
38
897
57
72
66
441
1195
64
430
652
87
655
82
159
1205
1394
600
438
774
1303
89
134
179
130
413
397
473
377
958
804
114
210
291
115
804
611
1090
92
437
413
201
655
604
293
40
470
91
322
1084
619
764
217
266
57
272
63
798
626
311
235
124
833
183
949
295
1109
710
1351
1706
243
703
27
512
1267
145
948
350
207
572
536
361
1216
253
221
126
383
468
356
249
940
322
354
49
333
734
761
702
1161
432
440
539
161
1178
272
649
680
825
34
395
94
1019
166
1493
236
398
780
204
333
1268
301
1429
795
189
108
292
351
328
327
54
69
162
812
53
215
1505
108
966
283
305
107
600
594
43
1087
351
110
498
286
816
60
903
154
1493
1070
342
915
1480
157
1611
38
378
711
262
165
500
224
102
312
1445
323
104
559
638
255
1703
594
70
271
397
265
409
1731
562
686
565
1450
249
77
648
749
758
572
231
80
76
373
121
459
62
292
292
398
813
320
140
1145
347
1788
496
364
959
586
870
974
74
80
1595
387
311
64
1292
825
855
109
767
249
1012
526
339
623
376
304
75
241
50
291
360
689
611
557
266
561
157
966
1446
654
125
223
62
51
326
580
131
687
355
395
228
1071
672
44
1000
905
361
282
340
477
277
227
128
153
1726
133
78
322
1313
863
47
103
1105
1346
705
236
144
837
242
988
610
566
702
1471
323
68
80
335
354
53
120
339
1524
582
110
166
246
563
258
1407
957
1392
99
318
61
309
100
571
105
45
351
479
270
104
1249
425
102
741
1018
1541
56
618
826
151
198
976
320
580
1107
1271
65
1556
182
237
54
935
1366
215
368
519
500
42
127
231
495
882
325
1631
114
329
664
220
719
237
92
307
398
84
1668
605
88
535
1127
407
808
846
63
1081
714
460
114
60
764
247
95
274
123
496
51
266
276
199
634
1172
1124
207
121
370
138
451
353
637
955
594
133
783
71
182
759
775
122
89
203
229
85
149
420
230
693
738
571
582
770
507
39
550
570
1237
72
169
100
182
804
311
724
38
123
155
116
95
77
598
870
50
81
420
238
54
1739
278
143
59
892
1018
392
657
326
165
841
871
183
604
175
289
660
200
364
257
220
91
92
62
416
1187
994
1538
652
522
160
984
102
115
748
185
308
134
135
113
760
555
131
562
197
1707
979
279
827
546
385
419
480
1133
354
166
234
627
169
886
491
1334
279
868
205
1658
51
265
59
1401
596
398
1145
364
125
775
792
825
52
977
599
696
194
69
929
880
555
1126
119
615
988
204
1241
799
988
114
350
419
911
108
179
397
255
170
303
500
138
697
238
299
607
278
65
262
638
359
508
97
702
380
381
504
618
238
64
219
248
47
488
285
1154
377
1058
60
1138
702
128
1007
388
212
52
201
873
553
421
537
351
231
898
431
74
163
329
443
505
50
517
62
427
230
1258
72
155
1046
630
179
292
384
130
848
203
56
54
420
535
96
720
331
633
1037
193
234
238
46
419
1072
388
547
410
1297
166
430
382
644
736
105
536
41
131
46
319
231
42
428
1038
126
809
1017
416
256
296
747
527
564
90
1072
943
138
74
1377
62
1496
636
203
387
337
1229
162
347
21
892
276
791
547
421
315
403
573
32
712
205
139
977
802
101
791
114
334
62
310
239
240
617
806
161
83
69
331
173
321
39
208
115
1100
344
811
156
358
1349
77
416
1032
61
102
328
571
125
985
129
95
62
876
44
998
740
271
62
136
198
232
180
84
1062
1105
65
339
145
422
254
738
707
1328
45
1733
199
104
551
340
22
414
123
573
897
502
1281
194
152
165
84
1223
931
101
460
77
82
56
357
188
185
386
590
1178
878
238
225
1240
1636
381
588
98
130
160
135
181
101
188
714
1463
677
143
734
184
288
658
494
73
57
208
206
270
144
1286
619
70
110
229
709
366
213
86
279
225
285
664
232
504
314
1119
249
880
1471
798
285
1124
169
275
577
60
175
337
352
391
708
435
1262
346
81
1211
183
253
40
1416
956
83
430
271
211
672
243
593
731
554
88
494
1087
1388
93
665
52
763
391
600
216
427
234
356
1458
672
165
297
45
139
141
119
294
522
372
159
101
1052
1423
1519
1374
1395
454
511
167
202
462
1054
71
543
875
1384
853
105
455
191
632
170
50
444
74
417
1053
1053
1421
396
789
576
441
536
137
236
97
568
232
261
473
574
666
61
1014
1197
161
1748
84
450
157
421
597
105
759
108
331
104
902
123
116
833
354
21
258
716
98
684
231
76
218
784
45
411
1291
281
213
1477
660
772
401
920
170
198
1421
103
450
365
118
51
243
219
144
66
1396
100
474
856
227
127
1612
255
623
656
503
832
300
544
645
227
167
522
228
767
1524
1080
634
494
157
111
239
810
928
1243
69
118
773
65
847
1039
94
879
117
163
510
435
63
60
1472
306
62
620
306
1426
485
1212
857
416
1070
118
654
589
184
341
757
178
47
562
308
24
229
100
667
484
59
613
98
810
247
432
168
965
1221
125
164
771
539
614
209
1051
1170
386
151
775
623
422
634
430
307
46
305
266
355
45
222
164
22
239
1012
773
372
599
53
642
52
492
448
80
774
305
57
184
698
1267
104
441
718
243
856
173
35
462
119
387
656
61
351
347
180
487
384
695
378
269
62
601
566
215
112
73
634
1506
953
696
377
531
269
931
750
859
728
1268
56
54
78
114
546
1288
285
1233
151
251
457
863
583
196
545
423
218
230
216
167
206
175
230
576
57
1200
420
672
437
791
431
1201
361
239
292
67
315
1314
633
234
666
342
1470
291
450
451
260
424
252
21
1116
783
54
422
237
644
249
702
389
1277
1065
148
176
716
96
459
213
808
450
313
395
662
226
783
270
593
235
1540
1430
789
576
551
486
754
28
44
206
1219
1226
1225
362
823
111
63
43
168
443
478
277
78
1521
259
586
154
21
960
1167
678
602
1299
1019
1729
423
333
121
1394
1719
1298
799
110
129
486
1305
73
466
666
109
696
86
48
453
92
773
229
236
441
322
416
657
536
260
347
97
953
223
677
485
547
68
295
690
216
106
1039
732
433
1075
158
459
49
574
680
379
571
839
1079
1248
827
300
1146
829
294
270
1107
399
943
233
490
188
521
91
107
536
508
290
713
375
81
1478
109
390
280
566
378
866
727
819
362
72
325
312
1068
741
54
762
154
246
1669
325
101
735
367
717
563
78
246
669
39
102
272
689
284
175
293
204
46
63
146
1204
225
1117
1138
232
78
460
568
1183
285
645
44
324
120
466
234
450
993
131
966
238
858
44
295
31
66
510
307
1303
57
514
617
164
752
701
896
42
1220
581
933
182
55
45
62
220
95
1296
215
659
1472
735
1108
869
114
425
670
771
122
682
56
75
395
204
750
108
1262
774
851
387
343
325
590
650
93
238
1012
407
98
334
89
61
1058
731
204
333
416
482
1192
312
623
1532
1216
1244
170
327
83
850
1047
194
832
109
356
1787
214
41
1404
212
484
1171
1151
77
1050
167
527
367
1185
557
574
951
207
471
1090
48
188
372
830
65
82
1024
440
112
114
1129
527
165
969
1114
103
725
43
213
676
177
135
887
715
632
81
383
1353
62
186
1266
285
102
1215
383
447
175
329
484
117
456
200
613
1303
160
1173
1082
218
897
347
513
1691
721
1447
689
399
343
190
126
46
122
468
280
944
44
283
105
1151
783
483
1320
1001
365
110
344
284
859
82
285
413
69
71
558
199
409
218
439
74
296
42
106
722
509
647
70
748
188
1107
381
579
235
367
246
946
1046
650
566
796
281
1646
535
68
482
231
176
1422
658
429
151
858
431
169
211
149
145
67
146
489
888
186
512
468
258
607
151
382
343
213
330
1328
99
414
89
1506
54
206
263
88
1074
533
566
163
467
975
106
40
881
1565
51
400
813
126
395
162
48
934
1244
1440
151
429
100
51
934
440
259
960
218
1679
927
69
977
220
1140
230
245
410
1124
109
322
494
234
95
151
1029
1048
1020
515
71
701
240
833
160
183
54
1144
215
158
157
1220
138
842
1060
249
84
588
1278
102
53
1010
192
324
246
73
323
646
406
1024
183
96
877
140
529
833
99
544
1187
174
402
332
331
1547
53
97
491
81
1665
648
1023
960
66
22
137
132
262
282
75
341
554
143
321
532
605
1386
322
690
1610
564
1021
326
658
55
166
856
46
373
863
248
1026
997
113
94
118
349
686
255
1073
518
74
1001
571
156
228
72
113
45
290
795
745
231
297
347
578
821
279
677
330
1116
179
139
163
1382
520
162
597
54
207
834
1065
381
563
716
938
779
225
958
132
220
166
139
233
214
80
185
448
368
51
1182
298
68
179
288
379
1218
471
489
148
872
71
176
202
357
437
344
100
845
99
960
165
128
580
176
833
430
212
412
60
1112
22
1693
90
348
106
562
644
1059
239
513
25
1234
251
687
533
501
655
209
195
749
148
1176
599
467
81
112
1101
24
489
86
220
709
169
386
698
215
487
248
789
423
60
477
272
348
70
300
1540
1069
113
83
823
770
66
1542
305
319
459
254
273
1299
247
284
259
32
1660
597
64
852
460
973
213
559
347
438
1174
295
386
579
216
67
849
90
587
655
765
754
170
67
800
164
957
107
87
885
267
382
123
528
229
693
960
152
1114
219
85
63
543
20
878
211
1048
807
118
624
180
74
378
1538
1038
617
269
861
47
1074
908
58
203
1416
622
218
22
101
554
95
294
352
381
557
139
983
43
1146
294
1648
125
123
569
1040
802
299
714
482
727
326
647
116
502
201
92
203
27
978
297
63
533
480
160
964
125
349
633
359
530
122
150
149
1132
832
603
123
607
405
481
101
146
592
1665
338
186
1165
119
214
1554
81
193
89
71
59
100
110
684
257
186
131
387
417
102
201
674
179
1190
136
126
119
724
173
676
164
971
257
830
66
647
48
225
168
235
50
403
590
89
118
794
169
465
492
48
1025
350
688
620
241
836
303
978
148
1340
753
894
363
326
984
97
1668
1247
186
462
351
1152
160
991
925
646
657
458
170
394
209
1499
433
685
922
415
855
794
401
990
577
360
242
472
384
699
1315
42
575
20
83
577
58
1208
1263
130
75
200
349
571
269
793
688
350
169
1162
67
675
53
49
214
594
161
40
143
827
58
567
1084
954
659
413
595
498
719
828
246
90
65
241
243
44
528
66
181
540
204
43
102
606
134
797
751
294
169
376
171
142
1080
832
738
919
50
162
272
140
97
524
43
65
328
841
771
82
1537
108
561
151
49
621
92
889
288
351
382
267
1478
525
67
588
370
152
1172
980
110
86
586
1244
168
557
50
680
124
1618
129
210
81
374
81
64
93
488
26
394
1003
55
232
1258
364
1653
29
305
624
269
94
1339
25
202
487
102
608
112
415
54
156
221
105
41
554
107
163
173
283
376
147
648
495
862
294
106
141
66
200
159
86
358
609
1454
599
209
555
84
138
187
149
584
194
268
431
254
224
165
122
1129
204
144
83
540
484
1224
186
444
797
501
1557
227
393
528
838
917
1202
178
269
966
714
62
836
208
384
182
66
376
708
102
29
721
512
1002
692
845
774
999
45
49
285
92
196
410
468
1681
124
874
590
321
1330
238
228
81
471
764
97
272
679
121
275
258
831
132
831
240
642
1107
382
812
1361
207
645
37
52
25
1648
653
27
158
305
114
627
657
297
1075
255
1204
305
1253
448
66
794
878
45
327
56
289
57
69
740
236
116
199
433
329
381
428
423
101
70
1059
356
552
604
1501
646
597
225
119
605
1365
268
1099
579
145
724
622
1323
194
136
1413
558
1167
736
110
1676
102
133
497
153
441
725
436
60
646
847
181
375
28
77
707
301
362
261
232
701
97
860
638
903
519
1194
956
610
707
371
467
292
83
422
319
472
93
140
126
298
760
496
416
689
173
1104
657
305
268
20
269
386
108
52
119
808
129
696
131
234
579
1201
284
388
1169
357
133
262
96
356
58
83
237
100
1584
515
523
1719
186
175
1176
1303
57
95
925
201
71
612
132
1163
80
126
65
73
130
214
166
736
950
205
474
1442
132
87
295
300
309
577
490
45
45
1074
709
119
798
48
90
168
301
235
429
1014
706
437
110
317
75
849
252
85
514
1629
215
146
305
108
209
51
290
216
86
813
1463
210
327
148
827
586
158
73
1104
103
614
470
505
752
442
862
887
1307
1045
86
86
954
669
582
129
776
638
73
544
815
54
158
456
1411
687
158
298
637
77
407
25
64
47
484
832
489
295
303
52
273
209
65
88
282
42
300
1102
243
1607
1119
84
1113
1080
223
258
334
114
375
203
1233
716
369
187
78
998
493
394
1287
379
1734
847
257
252
526
675
932
376
1053
815
82
302
400
532
488
204
342
1305
112
132
193
468
445
76
89
733
770
495
269
1504
1100
601
324
762
82
175
60
352
58
276
172
777
258
1028
463
128
470
92
661
458
303
241
353
550
62
1145
59
331
529
200
155
597
121
1403
396
487
375
145
267
402
205
579
1584
83
124
124
210
1460
829
177
473
699
380
1347
363
186
140
1027
131
261
1113
224
893
420
108
149
510
346
929
109
137
223
1499
210
1567
500
344
69
1485
1185
429
403
1010
1092
489
1284
502
314
619
165
930
652
201
1421
324
491
822
161
426
210
650
67
852
620
52
571
501
423
192
807
597
1167
1029
57
154
886
56
719
461
346
762
289
109
908
169
754
338
493
74
819
612
340
118
165
1143
439
496
555
896
89
278
43
298
329
277
688
651
258
75
121
534
453
512
233
713
434
140
476
327
320
841
1235
666
97
847
1316
257
775
1080
889
1341
214
408
126
800
347
133
1616
895
120
1351
414
264
538
919
398
42
423
537
266
758
291
538
158
678
407
622
72
810
227
1076
158
121
566
82
844
473
1700
821
986
417
1159
1214
189
663
72
1268
144
168
842
74
1074
886
768
268
1137
399
183
314
46
303
82
839
84
333
83
444
137
124
1293
44
152
358
607
172
146
1363
26
285
85
1006
372
96
479
221
1259
133
74
47
346
78
1519
52
599
110
119
981
617
1208
387
604
198
1071
551
549
523
116
154
534
932
459
146
427
1103
1083
94
366
1143
1221
78
639
53
916
166
82
268
552
414
1130
385
168
177
89
147
81
498
139
247
86
255
1600
1319
465
760
116
112
102
319
501
406
150
60
672
177
762
426
181
337
121
1375
46
465
304
54
187
83
154
513
842
141
738
79
1256
488
42
173
882
879
95
60
102
55
819
278
412
927
49
739
798
747
1479
1495
254
1357
569
1028
91
630
570
253
59
1187
22
201
426
231
123
179
428
1120
1625
301
139
1103
539
436
256
44
240
459
334
196
834
73
1188
77
408
1305
224
153
489
183
539
1386
100
569
221
731
402
1511
870
434
440
142
311
343
779
348
607
894
1222
73
197
239
762
279
175
878
725
42
55
731
74
337
848
319
283
252
360
130
165
54
426
440
580
779
226
1813
122
336
67
1259
409
226
494
564
615
630
384
566
832
1083
211
186
797
1171
138
124
742
1340
132
91
537
633
259
148
45
192
695
920
1139
902
295
200
209
248
568
1401
74
598
659
1373
638
603
999
160
757
1302
458
376
277
154
681
170
604
720
48
706
103
110
398
868
665
1241
42
188
49
359
321
695
1527
214
1660
829
175
629
1007
1121
1045
494
1151
63
304
88
240
116
468
1558
53
899
193
754
1058
552
394
316
583
183
537
116
1309
899
1584
211
767
176
1193
90
954
984
86
596
773
172
707
359
567
125
544
833
273
1101
46
284
856
336
607
656
204
911
53
411
1305
1523
144
62
137
55
936
182
201
1276
1470
667
252
417
70
138
156
844
26
41
260
257
649
901
859
964
983
52
729
320
572
120
104
146
504
70
112
500
441
117
718
302
119
370
1032
362
59
317
1388
213
558
341
128
616
1268
268
45
58
94
1538
279
644
338
470
216
184
683
45
287
178
76
333
468
1607
201
1186
238
669
670
73
308
1566
757
319
645
790
1613
864
46
1129
653
563
1269
111
465
584
945
1022
185
951
190
338
188
1675
68
395
83
52
246
640
41
107
745
1582
756
1219
25
476
97
1091
574
159
1228
884
453
212
131
1162
381
107
96
438
97
506
454
430
164
1413
128
73
626
221
510
623
78
125
91
1012
1175
779
976
78
76
999
275
1099
63
1055
752
129
241
134
490
448
480
45
902
1445
523
1049
320
140
256
710
553
1045
858
69
321
314
268
356
1560
52
333
59
65
486
268
46
1268
545
528
379
408
56
477
53
1066
179
880
481
897
773
1065
1089
93
374
837
1423
641
182
1158
349
72
126
359
140
797
219
1466
101
21
939
177
970
624
1513
761
823
213
1178
1693
1528
93
583
45
20
444
44
519
968
90
1435
595
759
504
874
168
422
313
178
714
59
510
1027
87
213
269
671
1142
276
962
47
1463
405
737
557
763
92
1289
337
735
270
705
182
1159
113
1516
68
225
977
126
580
66
126
1036
284
45
791
802
297
1560
67
740
1019
1037
1111
650
96
1293
743
1074
952
233
428
712
234
73
213
1712
63
100
266
288
104
1642
140
104
838
228
916
606
575
466
1272
90
798
163
145
207
587
82
88
102
679
590
58
177
430
694
74
694
1310
744
127
1811
217
23
1569
1334
116
161
899
335
1348
222
67
398
40
148
186
347
486
177
128
333
86
857
157
154
1173
243
25
315
1355
568
552
211
641
792
1022
617
1113
226
63
90
1115
601
912
380
263
207
160
249
432
148
340
162
275
718
327
552
505
687
991
158
342
387
486
677
72
85
602
387
79
333
633
1150
287
125
53
191
61
252
115
99
461
117
1006
140
450
916
47
337
245
381
331
1602
528
605
290
637
228
200
1015
224
50
1204
52
394
82
560
422
1568
185
404
324
300
655
324
200
1265
917
77
309
1468
160
220
113
397
640
365
55
456
820
1445
321
721
758
1134
500
344
174
545
72
150
168
73
675
152
181
349
1035
475
183
73
252
363
1147
169
566
480
54
354
964
442
663
69
339
816
1001
219
690
436
1010
1284
348
555
188
61
483
581
481
542
943
811
918
20
403
820
253
674
222
881
123
48
208
914
492
1424
84
283
519
466
560
634
536
312
93
628
60
137
58
936
392
482
201
63
1537
1533
109
181
1061
49
664
92
84
166
778
380
1158
127
172
66
242
766
272
969
541
83
904
524
401
1180
1165
976
388
178
493
202
754
103
257
264
907
335
302
457
266
43
1754
556
299
53
435
97
179
1132
1123
265
945
224
572
270
545
604
736
62
340
832
105
516
539
603
277
867
1099
996
379
459
791
1222
120
51
896
562
659
1165
733
258
371
707
73
232
205
779
43
745
522
431
1209
62
1058
825
460
632
185
72
82
89
947
985
758
201
368
918
399
1685
706
186
1002
119
312
54
302
1687
29
1421
1398
188
773
288
138
444
60
1069
331
935
1473
527
86
53
77
68
165
1339
904
825
819
344
108
833
212
262
116
635
600
1423
75
868
758
520
278
717
483
542
517
91
58
113
394
258
1246
622
1211
768
202
78
662
262
1158
177
109
114
1424
342
65
418
123
109
364
204
91
242
335
979
873
1112
751
180
53
1010
946
677
581
608
816
228
990
384
486
149
128
105
172
796
1672
294
968
154
85
114
136
467
461
72
171
799
192
1058
530
557
861
1178
94
1003
603
516
306
100
76
90
1246
461
316
517
660
233
269
615
290
1173
150
98
57
208
761
87
1287
62
422
1262
273
47
495
922
806
501
222
260
127
146
52
196
1530
289
121
564
705
91
240
142
147
490
413
1176
288
310
1118
980
554
1351
962
1167
141
173
365
274
731
298
671
326
1322
102
116
60
1145
487
193
40
860
1004
334
718
101
1343
232
1162
79
289
841
414
796
576
146
85
988
777
562
123
91
1098
138
976
676
129
577
335
382
79
252
45
272
60
211
257
381
478
1692
345
102
673
171
288
187
316
270
1019
512
675
682
87
678
68
92
746
319
298
78
1011
757
445
1497
50
331
1479
781
422
390
279
203
250
896
1175
1366
199
177
570
97
919
49
112
398
446
70
114
331
168
913
380
45
1221
153
414
529
232
1055
29
157
88
271
238
277
951
77
215
605
31
1766
78
528
632
49
85
301
45
577
408
507
224
226
421
706
176
456
51
376
409
424
350
292
799
106
113
698
181
16
277
1121
936
49
215
724
508
400
302
1660
519
564
51
1313
62
326
394
228
63
52
255
777
20
497
241
181
483
127
959
298
785
276
253
1509
524
291
455
271
495
65
882
414
826
82
100
643
97
1243
793
139
57
488
992
828
436
1165
632
531
401
153
933
45
127
451
483
219
667
1173
1264
103
361
56
1461
449
411
842
198
106
174
638
828
74
451
498
547
539
288
183
492
632
789
109
126
84
425
200
84
564
106
75
206
481
71
47
327
235
644
335
206
262
1005
234
1125
262
723
764
67
49
257
1545
809
250
423
1220
1097
1494
581
161
492
83
537
793
40
23
172
117
1306
594
992
267
605
975
522
392
1647
213
392
96
470
47
387
104
260
177
191
418
326
55
255
45
281
170
237
81
804
1336
993
264
206
178
913
97
212
575
1102
1299
348
121
345
504
816
193
1185
257
790
442
110
53
396
347
277
619
86
53
550
52
1614
1750
148
214
313
1096
463
244
740
336
667
596
1207
149
653
432
148
1164
221
57
613
140
1385
847
941
1015
1625
129
64
908
44
1039
433
314
90
362
556
581
117
88
72
45
81
48
145
876
343
87
119
138
206
348
133
140
663
573
403
480
56
44
885
154
255
397
54
65
486
416
715
175
52
176
1001
1094
380
250
838
1069
1095
599
1052
547
389
990
748
1351
940
257
436
1614
524
698
237
1137
963
66
89
164
355
558
867
81
219
163
427
600
689
156
75
249
517
486
537
896
712
224
303
807
818
388
678
687
297
458
552
340
498
405
60
684
929
118
61
1007
1153
208
897
316
252
66
158
409
586
224
74
371
1174
57
278
566
390
83
493
568
150
461
629
1362
105
723
218
249
1401
211
156
332
86
529
160
887
1343
132
1113
5
710
716
483
59
736
1366
685
274
196
872
31
478
98
774
279
714
723
408
141
89
467
426
629
209
1041
766
305
124
523
1263
101
161
239
277
119
176
64
1480
77
216
23
112
717
637
480
82
116
278
414
718
90
429
520
816
208
98
863
76
386
331
91
268
730
1033
408
210
346
113
558
672
708
298
390
161
503
1073
1644
327
1189
728
1270
131
123
999
112
656
57
53
786
169
1064
446
84
49
64
154
337
44
423
142
233
1021
125
197
48
40
196
61
70
1043
376
276
979
304
511
133
178
202
44
249
477
309
60
428
104
1171
635
84
1171
660
126
372
1717
1694
167
386
657
121
104
141
856
275
202
263
100
817
1004
238
428
393
437
395
117
182
681
143
90
131
1525
386
53
526
302
746
282
786
321
214
124
910
1276
1223
373
174
392
468
189
125
1035
1733
972
399
603
149
833
48
1082
377
91
416
340
90
852
156
1493
437
283
687
66
487
1014
776
592
113
299
696
535
158
101
230
280
866
968
796
1663
159
295
1256
424
710
473
48
375
1105
508
96
59
1489
279
448
156
448
580
145
171
435
531
444
617
345
1720
43
396
489
371
740
238
895
58
1040
368
682
114
351
137
235
519
444
471
1483
294
1148
278
591
1413
448
375
42
429
848
1185
95
284
781
21
135
472
175
532
51
1530
1020
253
71
149
526
324
899
1319
53
1456
895
93
1476
340
697
494
679
219
102
861
248
209
640
1478
423
1507
613
95
1055
222
658
435
452
1186
116
532
304
1046
1241
650
566
212
1650
99
608
223
169
446
283
168
597
435
894
439
117
510
240
776
71
24
21
100
560
210
1279
641
393
485
490
70
481
1077
851
1061
46
1483
998
186
925
1464
69
1027
495
137
435
606
207
55
284
113
262
138
455
526
1616
457
40
573
408
521
605
165
139
50
116
367
112
265
1079
631
877
1076
163
1545
66
111
827
223
1173
598
909
47
331
805
414
129
418
764
392
868
52
517
312
88
152
250
591
909
560
223
782
406
562
163
705
433
341
58
514
1044
46
692
569
178
1084
454
194
83
1465
835
48
925
433
329
532
137
54
802
182
76
988
850
55
555
438
93
129
871
704
1091
20
65
1055
910
1152
472
255
1103
919
1436
406
220
589
634
679
1709
320
62
1427
130
637
311
583
845
415
951
1420
336
1030
694
398
238
41
43
1380
302
102
250
306
119
566
292
61
589
46
933
197
250
476
82
307
254
262
76
191
454
40
32
570
202
101
36
1170
49
77
268
58
1100
473
905
74
195
770
367
1160
56
243
20
137
861
248
410
91
107
903
550
180
613
73
1276
67
315
50
320
492
87
47
129
1030
60
273
102
208
70
554
556
981
470
978
498
109
79
1083
542
253
1395
94
145
377
329
52
49
687
255
240
805
576
430
595
817
803
472
1467
895
452
279
182
829
596
1096
86
118
652
1040
337
368
819
48
1057
522
721
45
732
812
160
160
527
339
208
343
921
142
471
50
51
295
542
113
328
518
886
218
728
254
307
616
882
46
665
282
391
305
489
575
618
1287
315
99
1435
751
782
104
754
633
199
352
63
1236
427
69
234
44
257
319
876
537
209
312
404
40
274
1294
1053
53
1080
493
1094
826
207
1486
565
152
789
230
879
294
701
891
785
1329
244
127
368
801
384
253
137
604
1508
49
191
953
716
20
125
387
1345
746
109
550
20
326
1045
135
878
593
189
840
152
127
768
210
178
963
276
552
777
679
81
415
535
397
689
207
1091
956
472
135
848
248
124
470
290
185
1240
312
753
760
183
728
1595
756
79
217
245
408
952
482
418
20
1564
1021
667
111
88
188
53
180
88
1142
500
828
375
661
419
53
1084
360
275
65
417
281
65
85
1762
158
481
567
188
1028
433
291
53
114
474
652
404
273
352
1389
546
602
150
238
1418
648
121
347
1627
305
1405
806
847
47
223
50
244
595
503
1022
530
599
375
216
88
570
443
953
1465
777
309
993
76
645
157
755
188
862
84
1578
446
388
1524
804
125
872
223
54
276
290
656
1490
56
1066
762
427
68
637
1646
187
126
275
118
654
276
583
61
319
128
54
581
232
222
322
741
492
40
656
1039
409
75
325
172
894
65
98
85
839
123
1361
166
1467
1270
58
103
1406
105
218
215
850
359
180
225
191
239
285
309
633
501
1060
621
660
553
608
69
648
145
461
328
267
219
840
1496
463
706
1378
119
281
292
730
620
361
1135
576
287
691
157
453
1421
989
307
316
364
129
782
234
241
301
313
160
730
134
747
115
750
1516
697
49
323
60
63
235
213
403
897
212
165
1365
46
572
804
195
247
1226
327
1392
362
101
1007
1743
1479
134
1139
839
449
149
120
1105
244
99
101
1031
381
557
188
1669
284
423
198
170
213
754
239
501
246
578
846
337
804
44
186
202
47
68
541
301
119
50
192
280
205
95
343
55
261
848
339
1014
878
992
69
64
67
311
1072
208
571
46
601
478
212
451
251
1062
85
577
603
290
47
654
406
335
216
80
180
96
487
241
165
221
229
1360
1395
446
348
283
122
100
703
69
632
949
315
111
158
220
1319
136
55
678
289
65
182
674
689
112
404
662
313
110
374
109
331
98
56
1133
329
883
712
842
54
63
199
66
145
599
294
47
791
786
62
656
1495
847
530
728
1031
727
1127
594
506
119
331
763
458
374
233
65
299
325
140
700
1008
1103
257
533
407
231
42
1030
1661
223
1732
766
57
1188
455
191
76
395
128
132
1480
1049
1428
63
259
43
342
345
353
47
43
1384
210
1039
940
377
454
653
85
84
353
597
1345
415
442
1211
132
75
20
1392
198
1418
113
249
58
880
79
199
400
228
772
834
559
921
328
915
299
363
61
100
280
51
250
834
324
563
1138
362
211
105
632
329
1080
391
99
367
960
764
342
211
95
63
498
739
112
69
326
340
228
1021
192
340
1079
657
329
613
489
235
270
994
84
102
723
57
926
131
774
102
857
694
177
158
301
1161
478
89
359
425
344
69
1415
171
396
1509
117
606
72
132
897
346
76
1450
493
726
297
995
124
918
1512
242
1309
639
193
169
473
703
1162
56
1524
98
340
455
592
409
384
763
47
1270
104
593
85
106
355
97
172
94
973
469
1244
1165
856
540
39
642
1116
924
571
157
56
186
145
606
101
950
497
22
58
814
143
1092
529
107
73
260
148
243
53
499
859
99
179
1065
626
337
212
375
1007
378
127
691
938
462
420
132
1028
1232
1542
70
509
961
322
234
430
84
359
319
110
372
290
312
763
411
351
911
849
1517
680
296
27
271
151
350
1068
1264
597
173
147
438
99
275
161
1741
249
126
376
437
964
1459
80
138
295
927
69
903
678
762
42
643
252
1096
215
97
506
537
115
208
1345
717
482
1604
1164
161
115
408
510
107
619
348
327
550
100
911
67
85
1032
145
263
160
213
254
462
140
1711
299
106
621
188
913
123
1022
514
135
1094
38
1356
47
103
91
1230
519
512
109
256
91
310
314
163
787
571
432
90
77
301
155
464
1453
537
223
470
290
393
992
1367
458
715
186
1744
69
654
68
192
142
191
57
65
1621
1109
114
97
157
180
1003
523
778
800
510
404
125
749
1372
123
114
158
53
1356
155
43
222
786
614
225
1403
1099
1324
182
212
96
393
142
151
777
168
173
364
454
56
111
423
418
355
1232
652
303
1080
177
1030
1653
1218
708
61
52
513
101
477
1060
360
399
99
192
73
52
98
129
66
845
349
156
1279
361
1214
212
1181
205
735
197
515
673
556
504
43
507
150
428
1000
77
117
101
1528
1056
302
686
1352
256
159
566
358
824
103
591
1368
107
1528
605
22
289
657
79
1098
285
770
516
878
320
655
105
359
50
342
284
165
227
796
468
1415
601
287
214
1440
119
66
69
111
1084
285
472
181
559
773
83
97
123
96
518
108
1009
985
383
217
214
370
78
1000
228
753
65
414
1359
59
53
1166
540
238
107
827
843
133
138
766
322
225
581
77
498
127
847
348
194
425
98
245
66
854
218
233
1190
211
1340
97
140
413
1053
478
375
133
292
20
103
561
120
1354
141
156
310
143
1392
1233
82
53
51
192
385
366
711
349
45
608
669
345
138
678
415
81
109
234
169
689
627
1314
68
230
126
1388
117
246
174
1269
481
175
50
272
208
917
413
132
119
249
289
892
726
117
784
107
204
146
68
572
51
558
388
1012
605
260
431
165
54
1186
52
150
505
761
687
266
432
93
951
1174
105
928
148
967
45
445
1276
975
63
292
342
101
601
392
722
860
269
450
1319
1288
121
1212
413
218
229
146
116
46
1208
1476
143
51
53
268
226
1190
692
70
741
617
196
585
394
889
885
145
315
105
350
1010
432
524
314
434
420
539
245
125
23
260
476
1668
63
124
443
742
53
230
797
388
204
1241
265
929
220
681
211
281
273
360
392
111
147
140
163
250
58
690
247
469
269
80
619
537
1058
810
113
80
52
180
645
112
351
505
97
1476
194
615
171
49
272
441
1642
657
1575
147
302
136
627
1298
114
373
44
1368
1127
354
1193
1659
41
1265
811
373
206
264
430
711
278
719
78
335
351
657
65
962
855
811
1244
774
588
104
488
573
301
143
325
234
400
1062
513
345
1217
52
1282
264
306
78
775
745
186
607
288
117
1189
600
693
276
75
881
912
91
1558
1507
234
154
248
71
829
301
320
670
314
235
21
49
328
993
90
637
316
887
82
145
163
317
62
98
419
717
60
795
364
665
432
200
617
200
554
237
758
1362
1249
97
137
364
466
270
1169
724
106
211
245
497
1034
1444
554
666
220
461
332
129
1036
1109
371
1206
159
357
434
96
538
243
43
59
755
1138
167
474
1352
679
800
165
1077
230
391
531
89
859
69
729
547
588
189
376
77
398
726
212
1055
609
442
204
310
583
385
240
834
353
220
135
161
706
410
336
619
356
558
268
366
41
24
447
443
48
698
70
128
348
488
392
244
71
839
523
316
1371
140
300
375
77
291
1401
1038
233
159
86
322
148
1069
240
58
307
1039
84
116
432
108
178
404
69
953
46
841
1447
240
87
264
888
453
1091
191
367
213
47
1329
925
700
70
832
65
610
266
602
988
134
1052
944
313
1677
715
383
226
60
203
491
160
84
50
864
332
209
425
164
623
360
105
448
375
88
527
529
416
119
225
368
727
203
946
693
60
115
601
153
628
1069
265
537
640
1466
1219
158
474
313
309
1362
1566
176
653
107
122
159
835
1240
126
27
281
107
886
137
487
949
355
604
581
159
678
902
566
688
161
471
457
770
1066
157
439
888
156
90
145
427
805
107
387
645
692
349
1277
826
139
474
1811
179
188
1050
296
189
109
273
285
60
222
61
917
548
188
467
176
707
71
442
604
204
39
1414
244
665
15
165
1088
516
397
193
1432
377
863
435
188
157
71
168
198
657
695
196
159
214
205
832
64
43
262
1543
211
679
198
495
133
111
813
66
522
1026
85
752
1019
358
133
311
408
84
104
789
57
1643
244
59
621
100
405
179
836
71
776
492
1502
1251
1523
437
1014
485
207
451
160
64
307
368
1440
215
1015
411
148
195
1129
245
668
80
43
1687
654
224
573
501
999
179
235
1372
1371
330
625
122
247
701
584
682
461
836
1100
124
1015
559
94
391
279
815
243
618
227
602
720
494
65
690
298
577
283
194
98
1563
761
144
1179
673
356
608
735
435
94
337
23
640
994
110
228
122
996
427
245
369
151
173
1210
205
614
204
366
804
260
249
135
1510
791
280
140
1551
60
54
153
185
885
733
514
119
187
87
632
678
876
445
282
370
939
333
493
587
329
916
481
816
93
133
999
904
604
169
299
1675
768
124
293
58
686
245
337
319
188
884
225
60
1343
468
354
356
1110
129
47
266
435
1364
171
115
1671
81
466
122
529
819
401
305
459
416
798
104
197
57
131
453
856
676
781
472
556
559
970
123
68
512
190
84
339
783
72
814
176
952
220
232
179
90
776
126
918
1471
866
168
582
48
75
122
1014
144
691
61
617
50
390
396
400
666
898
497
430
1276
345
557
182
534
482
136
67
1376
247
724
684
545
139
360
109
267
230
93
216
187
360
901
159
961
354
1483
154
64
177
1168
275
207
246
621
1624
165
195
709
1602
1022
1368
1290
345
187
1395
602
163
60
393
56
555
65
1141
3
60
483
648
427
386
114
46
1121
1152
252
278
812
680
254
425
191
504
442
410
988
92
98
604
41
1682
310
145
464
340
173
150
69
293
70
212
1015
38
268
1690
112
1018
1418
345
228
270
814
800
660
74
431
125
139
299
503
49
1207
553
242
813
171
870
258
235
336
176
257
210
506
494
571
1715
177
200
927
194
560
289
1083
169
468
1122
845
773
125
1171
652
142
67
483
1246
66
474
294
257
571
44
723
426
139
254
78
104
295
364
143
293
467
683
763
77
796
307
117
753
112
212
205
790
1071
396
824
488
642
1307
787
215
460
688
666
446
130
914
122
953
677
111
1532
726
189
321
743
98
1227
238
288
921
531
432
829
132
452
284
1068
300
998
270
636
47
1491
620
47
539
69
705
84
161
74
1288
83
148
173
226
259
120
968
59
918
769
1794
743
412
78
804
516
419
57
84
958
886
524
867
502
1245
292
1204
524
1301
115
906
245
115
1689
1352
44
1282
973
269
1276
135
720
304
91
173
22
311
203
1339
816
441
173
43
192
868
204
254
582
1056
141
1218
760
284
55
52
1423
57
312
1378
700
52
1323
440
78
147
372
418
347
339
448
1343
68
164
784
435
226
270
253
127
1111
373
1460
154
451
1123
1035
1744
83
143
1299
194
641
867
144
1370
1141
102
1488
254
48
44
821
662
181
1348
839
658
338
287
956
814
493
315
216
180
110
70
1337
1020
518
389
207
108
208
742
542
110
129
245
412
1280
143
659
339
1332
580
176
394
169
82
74
654
410
352
649
64
518
373
145
132
306
1440
786
284
105
377
131
577
140
340
875
157
1135
693
718
216
157
193
1268
156
170
400
434
55
631
455
1016
153
879
535
301
168
118
1123
107
216
582
120
590
282
148
129
153
988
1163
240
167
336
452
241
44
1225
1293
765
1072
86
78
344
1646
1065
231
931
118
209
974
228
76
526
485
21
143
722
856
368
97
967
1689
1486
539
154
835
1598
1366
129
449
249
194
703
183
88
219
82
1529
1233
265
1123
63
583
829
551
1118
239
872
568
111
541
438
1077
622
136
1029
897
944
177
765
237
315
65
352
887
1307
95
875
699
532
68
1658
155
349
1346
1286
220
151
59
1238
79
249
73
264
759
778
882
277
171
57
20
875
526
737
686
1114
154
386
924
1180
207
213
478
229
398
843
109
77
263
1051
1040
335
376
726
692
536
588
169
837
546
441
272
296
1235
113
416
708
572
102
488
449
462
285
399
1329
475
161
653
990
711
47
516
232
682
163
619
151
862
904
955
371
1369
111
831
964
913
93
505
330
653
203
532
188
1172
1379
83
64
1349
119
480
621
530
1115
1224
1032
1152
1249
154
105
646
98
55
292
374
567
179
839
77
360
579
769
275
72
169
75
575
1097
644
822
482
220
1653
114
736
387
501
171
1011
118
164
185
69
754
764
95
57
117
851
1686
150
151
332
162
175
147
93
636
398
488
248
203
570
43
238
1695
250
481
121
249
505
98
645
697
140
1318
105
59
419
1217
194
573
1317
1018
117
141
1021
123
1019
86
226
64
486
1428
899
438
1351
909
313
320
235
1028
77
1335
107
1584
207
93
312
936
934
116
1250
945
65
514
789
118
1571
238
325
215
112
44
1510
376
60
663
1590
465
393
1419
43
52
884
134
22
85
264
1397
719
933
126
871
331
158
649
407
681
87
302
262
995
757
262
54
554
474
46
249
270
1287
538
502
56
610
603
103
129
1016
791
196
340
1138
80
82
89
379
825
286
122
1063
403
334
299
948
267
644
1305
68
60
68
43
1300
61
293
429
20
1407
717
1407
300
1130
86
257
1118
575
193
369
1711
517
93
97
591
193
342
51
185
1267
161
302
869
207
290
115
1267
281
610
875
423
975
922
694
242
164
418
1203
1341
432
1287
173
48
265
175
110
535
475
335
288
70
29
