467
550
267
178
781
128
818
150
453
479
253
403
100
34
73
660
835
181
554
79
259
156
967
841
1169
102
136
118
810
250
95
473
163
439
81
53
136
857
82
389
527
427
71
276
122
127
633
822
150
591
556
422
1135
259
562
662
835
31
108
30
1061
619
766
149
283
349
472
62
35
317
583
75
44
425
460
218
64
437
163
603
38
333
461
257
9
179
38
81
22
178
199
171
86
290
99
104
266
89
197
308
311
28
263
553
265
816
397
239
745
164
585
370
370
568
196
859
294
135
853
509
403
278
659
1107
400
141
611
549
180
176
30
146
898
30
488
179
386
168
103
104
87
544
334
1072
82
156
51
367
234
562
850
273
1112
101
59
221
346
181
47
507
348
892
338
50
345
31
768
68
256
399
109
400
16
124
155
152
649
251
75
354
57
87
610
364
484
417
159
46
754
618
11
139
897
746
300
546
102
960
45
82
131
52
180
637
56
611
481
374
210
180
182
934
852
412
223
569
654
273
37
126
321
856
64
909
1199
209
296
396
114
152
598
802
324
446
139
54
391
471
38
291
488
165
261
376
222
172
1089
178
521
947
215
803
138
459
759
932
50
48
35
268
321
683
626
89
643
68
322
616
167
815
112
359
63
138
196
77
631
292
141
121
583
357
14
117
79
220
504
195
367
793
67
65
420
779
114
136
185
95
571
462
270
831
146
409
162
156
48
621
45
454
54
34
289
49
195
767
202
536
581
662
1153
12
241
90
88
58
493
11
329
100
60
522
37
100
46
303
85
1054
141
995
175
151
395
704
657
431
88
573
47
247
840
457
271
105
35
39
44
276
275
81
278
17
91
32
447
43
517
698
796
353
711
537
168
321
548
675
521
357
307
596
266
227
158
429
382
86
575
365
562
294
173
265
189
188
396
274
121
377
39
225
452
358
44
483
315
865
440
50
81
162
85
315
809
106
55
625
134
131
461
582
172
885
111
210
237
249
649
172
732
103
278
468
49
159
28
512
177
476
785
653
46
44
223
348
910
836
87
173
256
391
484
32
58
462
373
28
1043
115
289
837
99
55
142
359
610
367
38
273
325
253
190
70
319
209
287
107
483
530
280
169
168
747
417
98
608
482
488
136
623
507
204
290
42
383
38
128
659
809
683
364
424
153
380
668
13
461
670
46
49
33
96
214
238
220
437
982
503
693
210
30
128
631
14
576
165
397
829
451
97
88
244
601
665
520
231
100
270
34
67
163
196
72
876
32
119
15
761
63
114
729
879
182
769
167
355
463
78
155
127
241
637
312
71
208
26
1108
816
779
203
36
364
120
40
239
520
166
83
144
974
453
722
48
334
286
213
128
113
870
141
177
547
144
621
493
419
105
62
108
114
49
23
969
62
100
64
152
554
461
324
130
61
744
325
796
532
17
195
334
833
610
226
71
57
322
58
806
412
62
133
181
1166
93
132
961
666
12
229
60
90
361
221
244
313
221
33
303
347
42
108
555
124
347
125
186
168
49
203
97
205
477
195
1050
612
208
206
994
281
300
549
228
264
484
248
641
330
64
102
47
369
202
84
672
442
583
74
219
640
177
179
310
961
160
36
40
212
103
496
225
101
72
449
356
74
113
500
738
307
166
138
59
55
409
49
623
459
43
110
431
176
272
155
593
202
878
522
136
288
283
287
1119
38
238
58
485
744
153
96
49
92
486
377
57
1085
165
203
508
713
958
110
294
479
68
68
41
318
65
84
98
589
1187
115
676
313
418
81
463
184
82
1094
647
638
112
1166
807
179
86
223
71
269
266
750
484
546
539
180
561
29
901
155
117
129
650
108
25
565
499
48
33
393
216
115
555
522
358
687
794
942
198
212
57
92
940
52
303
86
482
374
90
143
407
179
95
214
204
468
81
49
458
353
130
424
155
163
718
350
69
937
62
68
1111
349
285
799
241
274
206
694
235
486
134
421
85
647
448
421
405
419
269
62
429
63
64
197
717
613
72
324
740
424
329
347
263
266
226
290
332
688
229
100
39
533
542
727
183
131
13
232
53
548
504
71
593
164
422
364
469
531
1165
245
621
343
124
218
37
181
763
434
173
432
406
128
118
699
226
347
618
1105
182
165
439
95
33
483
999
49
160
169
740
421
330
550
265
486
126
266
375
107
471
524
111
334
70
193
24
286
60
1053
131
710
43
433
92
541
52
64
793
945
75
944
158
465
943
341
66
26
600
105
464
40
284
107
98
110
406
937
659
51
383
67
50
146
780
786
735
786
88
566
94
475
54
799
408
953
432
323
535
397
1011
169
71
88
503
132
118
171
30
465
243
71
542
314
457
700
551
389
94
32
83
68
50
632
489
221
314
373
129
44
94
109
532
528
448
721
185
865
329
261
58
795
190
343
948
118
35
710
470
281
902
594
45
248
682
66
303
631
168
117
51
904
70
350
780
112
203
633
837
544
189
278
632
143
229
187
372
63
488
521
247
356
167
132
667
485
439
950
334
326
552
305
706
628
46
847
396
349
630
49
531
186
35
67
279
108
349
790
280
219
340
1001
937
283
174
151
79
203
143
85
395
525
44
45
166
38
67
358
909
168
494
91
568
127
118
95
167
364
71
49
375
107
170
46
67
259
3
38
312
612
172
210
387
268
753
37
361
377
13
144
549
120
40
227
180
797
517
141
1168
112
13
83
389
956
178
510
382
72
272
168
350
317
76
860
82
758
768
94
80
103
250
49
107
41
43
66
68
290
907
439
47
92
52
390
112
913
124
56
449
433
493
442
819
831
720
600
99
668
68
78
771
256
195
34
696
129
527
37
221
387
726
72
118
652
404
312
16
492
388
816
163
361
386
314
216
850
212
333
261
263
375
65
311
41
889
241
720
931
77
108
170
74
42
26
512
73
64
50
672
57
476
417
458
115
503
484
288
162
465
71
58
113
136
152
565
921
15
196
252
89
331
696
165
359
860
134
675
273
84
40
216
73
117
116
277
94
381
364
161
381
53
242
202
253
850
245
141
374
61
961
489
224
115
358
368
737
158
529
225
196
541
152
154
67
243
72
1040
654
66
476
276
1068
318
118
438
330
293
130
982
111
185
88
647
71
951
431
188
218
76
756
299
132
173
212
71
168
803
519
39
323
26
297
705
61
324
426
447
55
267
261
269
192
172
469
46
94
248
202
434
38
208
40
210
875
780
524
234
290
360
37
35
928
186
639
258
236
53
348
36
584
141
398
559
465
858
121
420
71
90
47
58
426
628
176
207
212
240
362
205
312
181
623
620
150
999
365
82
712
374
160
480
41
521
288
245
42
925
319
296
341
365
73
91
110
67
354
417
349
576
544
544
238
636
252
550
302
83
584
556
235
323
1054
32
510
621
468
709
552
413
261
146
337
613
463
219
232
113
29
226
400
122
245
41
242
307
537
773
73
450
144
262
36
397
83
668
435
385
287
758
103
894
196
484
89
916
456
1064
404
34
82
221
261
12
649
783
150
821
126
485
93
46
223
821
212
193
53
605
833
170
161
57
154
92
416
351
275
447
48
55
108
244
293
529
255
178
1103
573
155
712
131
778
314
122
67
647
32
474
265
182
462
393
223
214
39
219
120
131
191
15
38
69
60
161
154
934
379
408
126
31
220
189
53
299
308
707
65
122
417
66
182
111
670
78
610
235
286
85
67
245
83
878
656
209
279
386
259
48
277
520
140
178
212
52
115
108
159
60
249
866
50
416
208
889
692
936
55
416
395
86
893
1148
135
299
281
236
637
586
468
46
79
60
477
579
114
660
774
600
115
546
120
13
68
387
63
567
310
65
159
45
1136
219
729
253
189
696
176
559
187
152
523
166
318
48
1074
176
87
869
862
61
36
81
178
290
615
481
855
82
60
211
574
124
147
256
113
77
374
395
817
677
98
395
379
396
783
709
127
254
439
628
36
250
1095
84
66
847
463
215
541
71
303
765
310
248
293
299
380
104
335
195
309
271
11
299
117
253
224
409
1107
199
27
58
129
206
242
46
156
226
1003
450
332
13
245
279
71
188
164
729
234
1
224
89
1068
134
369
84
301
98
102
113
412
64
776
663
489
35
256
311
676
120
308
153
198
13
63
30
76
148
410
50
88
74
297
547
63
405
377
601
164
452
415
150
123
58
42
184
134
201
504
88
35
572
208
77
115
443
322
267
45
832
361
123
149
259
230
255
889
334
400
17
189
230
260
270
233
88
200
200
123
1129
2
893
74
301
155
739
114
296
50
572
374
70
444
488
284
174
91
58
634
382
463
958
918
428
256
617
638
854
496
250
207
565
535
296
229
158
548
274
202
741
559
415
497
120
265
148
508
199
63
114
870
115
194
417
629
317
1019
1072
50
158
137
228
155
523
174
457
255
341
891
361
147
262
713
334
162
40
401
594
674
127
305
385
158
41
454
119
362
275
835
460
320
113
491
195
249
918
247
82
476
242
52
236
576
454
669
73
359
673
254
310
544
247
45
323
173
521
573
128
555
104
270
53
214
120
521
261
554
425
33
42
469
39
225
515
106
10
376
381
181
173
72
94
171
48
259
963
762
112
182
524
213
299
53
596
516
209
797
46
551
714
432
313
87
31
326
68
431
256
966
41
133
222
254
108
1017
289
41
103
326
557
675
616
27
460
224
328
37
68
108
86
1055
555
164
563
140
243
76
424
421
221
848
371
414
413
286
129
407
758
69
538
272
660
413
772
142
811
74
408
151
483
452
412
557
208
172
47
174
72
365
697
114
49
318
70
698
88
648
240
231
245
166
51
223
267
151
118
177
275
363
139
254
97
385
31
316
5
266
66
722
330
1044
962
711
38
386
661
155
228
151
49
93
706
224
93
45
801
70
511
187
302
88
337
348
660
583
549
120
138
237
194
1113
112
978
75
66
42
377
508
388
294
192
691
477
323
54
346
853
1027
189
401
73
46
294
141
921
228
1217
305
112
172
32
522
996
78
262
461
857
145
43
77
518
561
751
30
93
284
197
925
730
94
12
1080
278
514
394
307
793
430
723
265
135
717
44
52
712
77
691
84
544
53
913
708
367
233
919
44
320
156
32
612
1104
436
175
105
87
76
317
88
64
363
209
27
38
251
14
515
110
275
190
45
75
453
363
961
207
30
393
917
65
124
324
95
128
446
71
178
226
384
416
129
85
79
45
404
314
42
278
749
457
65
60
16
262
385
893
336
474
197
144
563
650
79
535
61
700
50
352
122
141
640
171
113
949
254
925
516
763
73
117
344
485
348
438
600
222
544
159
1053
599
199
14
631
337
62
140
186
382
248
201
325
787
384
862
250
48
88
134
289
99
815
18
279
73
118
59
135
642
32
488
675
598
107
53
1002
1038
67
690
766
47
168
821
248
13
1069
291
177
123
646
935
700
50
692
159
449
521
70
506
42
87
76
142
665
84
93
163
251
89
40
513
508
907
789
65
550
235
436
565
660
30
330
78
473
291
356
197
126
59
554
1050
618
92
48
88
313
345
86
1072
184
633
365
61
103
439
305
713
323
603
57
28
71
239
352
492
389
1107
282
44
93
44
105
678
269
84
547
454
274
176
52
260
724
206
292
1075
410
230
271
319
187
354
663
366
74
136
813
205
522
775
33
244
668
208
1060
883
466
514
70
844
70
206
116
223
74
743
70
30
498
386
600
290
48
332
676
59
721
746
91
884
566
185
236
525
951
73
448
559
425
36
189
191
653
185
71
112
196
207
885
98
182
753
46
426
84
40
142
312
74
1200
703
447
252
269
170
575
76
918
200
323
144
500
135
302
73
137
57
548
52
449
163
508
400
565
53
95
293
258
285
602
59
80
93
155
223
257
352
596
1191
434
349
73
985
305
67
735
169
108
413
339
872
134
543
567
458
77
117
80
93
188
308
269
50
154
635
249
534
837
112
174
290
485
147
336
223
1149
345
56
457
219
385
561
426
106
590
263
688
463
267
602
334
178
793
106
474
163
247
109
451
297
321
12
144
286
16
124
123
257
417
336
504
294
891
400
765
63
78
30
95
596
124
55
202
110
739
178
49
432
226
333
243
131
680
294
152
246
76
54
317
346
173
265
336
410
31
13
464
155
456
100
39
92
178
75
367
278
602
152
620
604
684
605
233
198
770
498
608
64
111
94
304
502
868
631
269
32
592
264
661
241
135
731
599
44
648
772
417
269
75
966
430
52
108
245
453
113
1174
269
73
66
140
586
728
303
299
78
964
303
932
253
400
462
111
1039
136
361
277
187
478
528
926
245
272
877
84
205
44
75
255
93
74
296
57
142
543
848
737
447
12
396
491
311
85
140
125
242
176
441
33
148
94
188
810
466
570
835
163
559
487
80
592
751
639
151
312
155
220
497
214
155
68
812
46
241
1160
168
588
103
177
58
557
43
170
189
630
504
277
1034
462
71
201
131
122
119
528
68
293
222
181
511
557
125
26
137
407
664
344
39
125
391
179
282
943
38
873
212
447
82
757
210
602
765
34
112
109
291
161
303
104
841
347
620
54
634
54
71
329
50
100
113
110
307
61
296
311
332
727
57
593
810
183
210
245
151
799
207
171
494
190
75
32
87
388
188
1003
117
122
137
295
170
180
415
914
1033
197
929
128
421
383
359
247
663
71
502
177
299
163
169
113
933
158
287
510
743
58
215
366
8
119
241
165
685
998
922
161
34
64
92
308
1015
847
684
144
139
965
32
382
208
680
824
32
316
912
471
600
709
145
272
28
506
261
306
1046
247
130
32
309
674
177
488
101
143
159
936
143
42
190
83
299
784
33
800
594
48
91
732
426
521
334
563
277
435
131
37
80
82
32
53
269
41
823
980
79
73
106
686
74
332
307
352
280
206
46
367
174
68
962
363
1085
615
1092
137
166
242
453
163
134
134
95
557
308
637
350
555
40
428
566
206
36
112
404
120
60
670
815
55
510
489
101
47
869
819
360
317
105
199
58
22
12
227
270
299
269
67
53
370
311
74
1010
144
556
121
225
138
559
436
814
680
102
365
50
71
39
132
43
212
317
1102
341
618
85
625
44
1069
297
700
156
334
160
504
224
249
655
34
460
174
480
147
708
666
674
544
112
540
243
322
41
764
93
450
1023
114
523
312
461
113
54
376
374
799
149
343
388
344
269
216
41
27
47
514
177
132
63
106
777
99
43
69
443
244
144
358
429
153
168
190
408
63
1085
746
237
980
653
241
477
609
61
30
50
80
436
289
335
122
381
876
244
127
567
14
116
653
333
628
95
137
380
432
242
74
774
44
59
324
30
288
100
125
450
820
623
766
90
127
142
362
242
35
217
332
1157
146
28
393
134
49
772
594
897
596
13
101
54
520
430
443
290
261
842
293
788
32
441
60
85
567
675
265
316
292
712
629
416
464
53
1013
35
670
163
380
104
714
313
331
75
959
221
765
793
173
77
545
100
645
43
183
194
204
97
286
786
161
547
300
235
111
30
663
126
594
346
212
895
49
548
162
400
417
132
144
585
149
639
758
664
629
617
456
519
246
212
347
528
120
904
892
78
171
213
38
497
76
703
250
797
43
79
595
55
95
89
94
181
49
12
385
164
94
450
198
462
1049
659
188
354
135
28
196
597
77
186
116
442
255
440
13
32
217
441
81
419
239
230
447
13
199
314
114
53
288
212
220
315
79
95
62
196
294
196
320
373
162
29
56
152
229
794
278
739
547
401
152
154
152
64
129
41
293
220
278
215
202
787
436
135
46
317
229
88
195
1152
248
190
101
513
259
145
59
307
826
38
481
533
227
1037
38
675
66
43
67
180
343
82
118
93
11
228
245
388
128
692
381
280
77
171
100
50
156
198
98
154
769
285
834
198
412
639
524
377
317
170
189
40
356
112
386
69
31
101
337
61
52
173
41
491
102
1093
145
344
101
148
357
206
323
536
418
123
249
621
389
654
39
252
100
393
201
448
429
628
203
755
113
58
216
364
742
1076
225
533
418
972
238
163
582
186
72
512
369
487
503
254
466
779
414
32
103
170
261
167
212
1025
116
720
201
122
161
41
44
415
350
65
702
175
659
111
889
250
34
263
71
50
71
574
371
398
835
141
597
213
759
170
303
132
707
201
86
610
53
261
16
88
159
542
149
301
271
142
710
783
100
56
98
135
120
33
617
36
290
75
91
259
108
41
63
667
354
32
1156
273
58
524
125
1040
835
493
788
246
509
575
146
125
37
125
54
265
208
35
71
168
108
56
161
233
65
105
836
96
43
313
373
90
236
292
304
388
105
361
335
286
31
30
646
438
123
12
34
800
245
118
454
231
888
207
525
35
84
48
754
225
235
376
135
283
566
378
25
39
60
463
105
136
481
609
855
67
733
317
517
617
14
244
948
857
113
663
118
44
37
719
520
931
89
159
183
40
36
425
489
109
329
34
508
153
72
572
186
53
44
313
103
38
168
245
176
382
689
150
841
102
210
533
785
251
69
547
47
387
387
756
443
92
161
166
36
27
120
97
76
199
922
846
552
265
755
772
279
763
696
203
94
709
167
68
357
977
33
88
155
189
125
367
952
188
125
651
531
219
72
364
26
129
778
268
290
796
39
1211
457
93
380
525
301
266
14
243
428
599
346
108
207
405
684
265
329
480
320
158
27
43
125
74
574
63
441
427
242
38
1070
11
73
56
64
456
556
469
283
50
46
26
197
26
1067
690
584
70
493
69
449
449
345
209
546
62
36
245
326
608
282
53
119
149
67
464
772
173
73
628
586
640
1025
415
275
85
68
58
281
273
90
43
660
88
453
451
71
341
110
481
653
707
88
59
1067
526
126
116
213
553
875
472
54
1101
427
163
272
366
776
753
1087
841
683
180
486
562
394
309
887
486
47
45
34
130
180
370
69
126
202
235
73
36
184
322
371
349
470
269
902
559
294
177
938
514
1013
112
309
191
849
59
703
288
39
310
325
476
45
733
283
377
39
593
96
760
588
190
77
64
682
215
106
177
310
511
1001
158
34
270
433
177
640
702
147
177
241
62
1000
53
81
208
914
490
283
352
578
29
32
819
385
949
167
100
215
443
284
63
274
87
42
820
97
528
58
398
104
458
437
828
411
435
118
278
722
837
264
234
172
729
138
64
230
490
261
144
1011
602
621
38
129
254
135
790
427
165
529
389
107
648
155
97
284
68
58
192
174
363
34
913
145
34
271
198
413
779
634
762
174
244
618
695
121
229
154
53
440
926
491
504
97
290
110
473
1102
144
947
70
717
118
246
344
351
162
64
188
892
333
226
376
81
308
82
783
108
358
283
341
192
25
262
165
468
206
433
469
85
248
542
494
491
41
173
144
484
179
320
922
179
138
476
248
503
381
192
37
312
436
155
528
912
236
144
642
351
31
377
734
443
725
198
1090
620
172
485
51
166
154
111
557
623
60
55
76
32
404
142
180
123
344
186
386
257
199
1005
307
360
600
75
107
48
98
35
264
57
251
587
265
199
724
105
857
61
363
851
230
62
66
1068
53
409
41
596
400
256
554
95
48
535
165
413
1134
851
243
402
409
158
163
592
68
365
583
672
242
30
108
81
118
608
609
475
410
156
340
82
346
774
858
206
56
58
72
490
109
444
493
968
64
96
809
511
668
343
252
1224
639
207
669
738
639
63
939
378
59
38
879
778
546
789
532
134
112
920
682
348
44
843
373
352
119
157
550
247
61
67
381
1150
170
1009
176
717
424
673
130
121
309
219
647
854
421
437
365
40
637
390
329
260
164
144
131
743
39
403
486
739
284
335
136
84
27
130
1178
38
807
402
768
43
756
51
44
389
154
397
717
796
496
191
114
944
394
85
506
345
403
198
161
292
763
149
363
689
46
79
103
51
65
77
331
40
31
168
158
426
148
33
223
320
247
610
108
884
348
60
172
115
173
526
580
919
153
243
267
822
849
433
44
816
696
62
380
103
88
74
139
674
96
980
527
216
628
15
40
52
257
39
80
144
58
368
415
31
475
203
450
25
76
390
117
336
136
1191
246
600
299
55
763
196
508
518
444
20
223
34
418
361
879
672
587
44
65
538
364
885
758
139
69
733
348
51
79
31
236
774
152
96
563
534
147
109
125
878
90
45
87
92
39
622
50
389
303
101
1008
138
319
389
420
68
363
850
72
131
754
158
71
51
178
44
305
578
281
31
44
493
777
394
354
304
743
376
326
521
83
34
36
151
58
368
278
920
293
347
186
180
226
251
622
196
49
136
413
501
180
255
399
251
372
44
187
33
288
439
31
86
603
190
782
43
525
522
388
549
397
661
644
448
95
192
884
387
778
56
994
636
191
304
167
41
228
106
150
115
304
742
389
384
158
714
465
102
801
31
436
276
393
42
337
79
78
746
207
283
118
42
184
482
205
736
313
277
127
171
641
96
484
304
267
1186
606
45
944
576
79
109
330
306
165
360
633
231
400
233
36
38
448
364
426
328
241
698
14
696
359
61
936
117
85
597
570
196
29
509
144
790
170
276
447
206
391
523
307
298
988
262
758
846
372
1025
1110
195
10
64
106
325
434
562
36
730
653
98
220
246
36
371
214
15
843
266
904
63
340
42
128
39
47
54
231
268
213
438
1032
137
317
499
353
339
89
132
61
267
134
177
39
73
281
76
44
142
129
386
143
184
136
406
84
232
86
770
347
93
271
1178
206
38
424
71
93
212
217
683
551
200
558
146
273
125
700
75
417
536
764
385
1054
39
55
57
933
534
195
702
116
685
414
42
556
343
402
217
697
266
615
255
58
38
433
309
648
245
378
171
76
211
521
508
38
372
530
86
30
141
70
49
312
295
341
256
100
116
201
374
822
664
731
319
166
436
103
514
122
191
462
137
169
43
48
558
335
796
48
1072
135
52
35
725
271
528
609
48
428
29
48
747
44
312
717
805
454
162
860
259
191
140
566
312
148
674
838
364
324
146
992
367
196
521
794
28
932
1124
452
167
517
498
533
137
152
83
347
109
1000
492
961
265
127
207
588
624
70
32
13
149
113
195
20
851
1020
1001
327
396
297
1022
55
450
827
69
106
30
426
309
735
95
66
128
33
55
408
497
112
473
63
464
744
1010
836
1019
284
1031
276
633
347
996
283
207
33
35
344
306
628
561
533
496
37
482
944
791
167
52
36
85
684
109
627
305
235
173
364
138
750
116
285
130
165
137
100
313
29
115
295
726
375
3
225
398
241
347
97
113
197
105
440
825
183
593
171
379
267
96
358
340
342
27
615
197
239
762
139
218
204
198
127
211
700
165
46
328
636
590
707
288
1004
85
60
111
1179
333
328
781
281
135
419
302
788
95
461
954
287
229
148
254
36
856
145
971
535
195
236
12
121
332
162
87
54
322
38
906
441
326
903
507
90
724
33
52
81
49
780
103
157
225
42
76
413
62
408
416
228
743
69
53
158
212
129
327
856
181
643
198
318
693
412
332
178
549
176
96
222
156
553
116
35
55
772
139
65
405
211
62
914
459
483
53
28
501
497
202
613
420
700
58
246
294
206
575
212
99
848
252
996
269
135
416
98
80
521
31
334
12
293
351
166
391
92
55
591
474
84
241
315
118
331
141
221
1076
243
349
970
312
96
867
94
88
590
378
304
718
457
734
38
1183
305
254
501
328
953
286
617
75
89
137
81
137
313
824
204
73
267
82
364
748
55
607
839
419
58
316
837
107
567
534
302
139
142
74
164
547
25
31
48
646
135
196
1049
340
73
533
215
373
210
1115
550
432
16
216
175
188
858
562
63
193
497
103
904
365
157
42
583
177
225
355
187
162
684
524
73
847
47
370
82
444
300
481
54
595
61
246
546
132
34
854
191
483
33
186
243
687
253
78
575
104
353
409
890
288
537
41
464
12
114
224
449
627
257
461
167
229
189
201
106
113
170
148
780
147
171
219
72
683
691
106
284
328
108
578
174
53
549
293
91
153
77
257
872
214
1043
223
252
593
91
133
56
79
248
692
778
48
106
421
181
47
694
193
354
654
267
423
92
456
242
374
115
450
112
144
219
75
362
808
416
26
250
57
1057
252
80
135
628
513
247
545
656
186
311
332
246
697
85
1010
113
340
391
852
539
93
32
617
30
251
145
132
857
541
295
467
406
221
324
338
300
71
637
642
150
234
26
603
104
188
647
194
79
367
508
1120
92
425
216
1043
361
110
585
443
460
590
15
195
108
745
252
339
119
73
177
166
99
271
156
38
80
34
914
208
579
769
279
353
106
50
367
131
18
69
710
238
236
794
871
176
483
95
363
137
138
714
460
127
182
213
164
238
878
98
241
112
793
393
26
42
163
76
914
348
69
315
646
1044
828
793
386
121
252
28
115
56
97
346
962
842
91
304
189
444
480
776
346
351
565
62
99
419
110
477
117
73
82
105
52
352
1087
484
505
768
35
856
539
455
510
268
229
155
34
189
168
537
299
57
107
874
129
411
53
46
140
178
100
214
199
60
267
389
641
138
369
94
116
895
1033
120
134
38
32
138
131
124
72
460
202
679
270
404
36
635
421
165
73
49
475
128
27
157
819
114
39
900
749
222
41
117
60
217
238
280
340
484
116
86
12
863
41
781
353
92
82
860
75
158
482
587
476
802
138
379
371
299
396
87
38
55
120
290
138
493
55
410
475
13
375
490
320
2
231
700
2
605
447
686
306
239
686
198
319
225
1012
878
420
85
296
113
346
215
116
603
440
902
331
988
151
111
422
129
25
576
266
124
40
38
81
42
1130
144
824
281
40
891
690
270
768
151
400
116
458
43
320
76
223
42
540
185
314
433
79
486
116
153
104
229
41
272
381
256
428
32
924
412
141
516
372
378
264
964
294
32
598
94
736
876
268
601
376
148
463
382
348
190
250
496
1048
1196
70
769
897
349
173
407
198
39
666
148
95
36
207
746
159
28
157
244
332
124
362
669
534
12
493
157
655
126
126
61
213
51
382
45
16
740
618
592
581
92
153
371
526
439
504
299
142
96
32
165
1025
157
893
328
339
38
73
182
201
500
39
111
45
135
1127
64
558
184
748
121
726
353
268
48
793
59
797
287
154
130
171
300
862
493
101
959
339
669
288
59
353
400
85
195
463
264
396
205
115
283
462
234
144
280
555
80
557
43
123
208
149
539
150
55
237
87
574
352
1031
105
814
495
102
459
478
216
1052
788
768
310
34
297
326
69
322
414
714
195
346
305
83
311
92
401
681
79
93
250
29
284
519
424
225
885
43
506
185
194
278
754
253
385
797
687
186
137
131
28
62
335
441
501
602
178
39
863
279
756
68
156
281
151
897
288
70
47
42
387
326
755
172
78
699
205
36
13
760
217
267
113
696
34
245
853
709
122
244
351
231
44
48
781
42
408
995
446
83
529
70
348
981
468
567
479
86
119
658
135
832
161
335
309
247
125
262
828
420
437
367
122
702
216
294
65
600
96
359
862
419
610
79
518
713
187
202
139
124
658
75
175
369
62
301
627
382
240
36
102
481
185
915
31
489
305
75
175
473
912
152
136
240
268
47
70
216
225
301
61
285
332
71
59
84
46
95
75
44
88
116
397
948
343
204
32
205
208
481
28
277
515
127
167
60
117
131
621
287
86
338
209
95
134
70
151
655
33
269
179
482
268
339
74
221
39
831
96
41
337
12
862
229
112
273
427
402
737
118
174
46
151
86
299
73
214
17
326
14
445
103
140
383
581
28
374
169
303
140
180
990
262
631
76
324
520
225
52
355
242
391
62
16
547
78
75
175
370
403
79
140
205
51
504
786
638
134
168
191
216
607
99
336
293
871
124
651
611
508
223
142
165
315
230
588
346
62
155
682
144
704
57
387
120
101
343
53
544
878
115
430
181
979
106
83
435
825
246
314
890
82
38
68
254
14
135
180
523
1143
822
518
60
778
615
177
140
443
223
256
113
255
128
350
226
404
673
144
209
39
379
369
364
44
819
1162
149
78
88
927
429
130
546
203
27
287
104
486
946
562
551
75
729
346
84
804
122
83
197
619
249
279
42
310
479
461
919
187
545
250
37
50
436
357
66
157
552
254
369
51
368
658
805
176
177
143
255
196
674
301
278
89
226
239
512
102
63
484
147
352
511
1173
560
113
718
125
638
662
46
46
1053
237
68
898
199
14
45
75
79
198
296
251
435
89
289
48
81
657
410
740
751
137
231
37
566
93
85
142
430
678
319
55
331
486
234
350
358
630
189
42
311
43
223
591
193
69
38
348
187
167
239
434
11
354
828
108
725
149
408
98
360
212
191
39
195
273
34
256
44
121
436
332
144
671
458
31
97
82
262
88
445
100
284
864
283
108
116
476
127
85
410
828
195
200
912
206
378
216
263
543
166
126
636
899
25
30
807
1152
102
911
63
46
702
150
589
49
176
121
37
43
184
39
217
92
556
1037
166
313
835
76
935
467
439
34
206
191
1019
256
192
137
248
384
72
1090
705
674
174
964
792
119
156
107
34
32
159
193
285
313
562
165
837
290
56
447
25
315
543
68
388
427
95
36
115
319
80
450
573
233
524
80
465
291
42
306
729
582
13
424
644
190
235
213
271
128
598
514
631
557
608
154
149
85
216
288
391
881
206
892
41
498
48
125
171
110
492
128
827
60
680
30
57
178
247
680
128
349
133
385
321
224
111
52
328
431
174
241
531
74
430
30
168
133
912
199
545
584
1200
110
564
67
819
344
51
236
72
820
465
111
176
514
801
222
480
612
118
237
422
517
607
137
749
449
37
913
337
841
533
294
254
26
152
359
520
83
421
249
87
15
714
324
71
411
966
119
188
977
81
208
90
304
49
700
140
290
758
130
57
138
381
37
801
282
221
190
621
295
37
625
539
359
57
575
606
746
120
155
443
121
693
163
149
258
166
679
196
28
899
13
80
65
140
598
114
631
233
120
508
225
458
963
527
213
1128
425
25
385
234
135
465
44
47
115
255
75
171
405
1055
270
460
452
284
622
258
569
929
125
356
253
130
888
185
296
930
209
364
400
406
286
1088
1103
537
358
74
145
215
527
594
122
550
418
321
277
210
467
38
50
193
1076
253
621
268
1101
451
163
585
53
427
47
70
13
370
239
767
450
72
73
210
588
857
98
173
263
350
41
74
57
43
111
207
735
149
647
254
403
143
171
738
537
118
859
47
549
431
75
113
802
223
611
359
138
342
357
165
79
145
41
272
237
338
364
710
147
44
869
78
36
526
168
70
177
694
341
124
386
62
215
381
660
488
420
50
72
178
104
94
305
77
368
120
1050
481
865
766
210
332
141
335
201
89
68
507
99
695
152
112
299
877
468
107
1087
110
92
329
283
680
256
341
172
172
55
11
247
53
356
415
211
789
1135
41
56
313
141
220
227
781
609
48
72
119
279
140
831
215
754
34
938
151
404
179
157
1017
311
164
181
33
128
505
175
506
192
715
384
1019
579
425
226
105
88
325
185
382
37
337
93
526
593
124
155
45
636
281
450
230
1187
73
171
725
171
523
505
29
439
494
1026
98
129
470
121
626
112
116
247
334
416
37
539
732
539
405
168
59
358
411
235
316
90
174
107
130
748
50
97
914
410
415
486
48
115
535
363
560
231
186
127
226
641
379
271
387
610
236
457
505
172
398
718
481
668
54
44
660
52
144
514
72
88
79
299
500
703
728
91
351
51
174
492
158
314
219
277
524
67
92
39
108
141
444
37
27
718
597
401
32
49
1159
51
123
97
66
237
347
61
351
281
357
549
29
610
293
688
734
127
184
741
152
311
181
260
222
242
395
11
512
258
57
116
187
193
263
691
106
51
250
598
631
140
582
454
53
400
565
161
178
50
513
372
273
114
280
996
114
170
151
106
888
1176
724
200
126
266
261
114
220
353
83
185
448
122
872
200
148
461
147
93
143
61
518
50
670
424
34
116
57
28
618
41
47
42
292
800
42
284
438
56
446
57
106
806
941
405
290
515
881
70
89
112
94
277
258
336
252
655
554
77
135
194
80
543
410
733
64
281
267
145
447
401
213
34
332
64
204
749
429
530
146
187
37
170
41
551
435
221
148
87
556
126
650
209
755
491
919
1149
168
470
16
362
860
90
651
247
143
391
374
242
825
177
149
88
259
315
232
181
630
208
235
34
215
510
529
470
790
280
303
357
100
799
192
430
459
565
18
268
57
706
112
1012
162
277
519
140
235
855
187
956
543
132
73
198
237
221
224
39
52
114
553
35
139
1025
77
662
204
193
85
400
399
29
740
246
75
330
190
553
44
619
110
1015
736
241
627
1000
104
1093
29
267
484
173
111
353
149
72
220
985
219
62
371
433
171
1150
399
44
185
273
183
288
1166
369
450
395
977
166
55
442
516
505
403
138
58
62
244
78
324
46
198
193
267
559
217
97
783
224
1215
342
239
651
411
600
666
47
52
1072
257
214
40
868
568
587
81
521
160
701
345
237
417
248
220
56
157
37
186
251
472
406
389
175
377
109
662
983
452
89
158
36
37
217
387
99
470
235
263
149
730
454
29
677
623
238
198
224
317
181
155
85
111
1174
83
50
223
893
597
30
67
755
907
466
164
97
575
166
665
403
380
470
1001
225
45
57
225
243
30
79
239
1026
388
82
103
156
377
174
954
656
946
70
211
40
207
82
402
69
24
234
321
171
68
844
285
80
511
699
1047
37
412
571
90
126
663
222
408
754
868
45
1049
119
163
39
640
930
148
239
341
324
31
86
167
336
598
211
1103
78
223
443
157
482
146
75
206
269
60
1133
403
64
361
762
265
556
587
46
744
484
312
82
40
512
187
71
187
82
346
35
181
183
131
421
797
767
143
89
233
90
301
246
438
656
400
85
519
42
122
514
531
83
49
142
152
57
105
274
158
463
491
381
405
525
329
31
372
385
838
44
108
67
131
555
220
499
30
81
105
69
65
56
395
596
35
58
282
152
40
1182
184
86
31
594
685
264
435
235
110
581
598
120
408
114
195
452
140
259
176
135
60
67
40
281
808
683
1044
433
362
122
681
68
69
505
121
217
92
98
75
524
363
88
370
133
1159
669
179
572
380
256
284
321
772
256
123
143
425
111
615
329
896
191
601
134
1117
33
165
39
947
397
276
782
256
93
525
546
553
32
673
406
470
117
40
629
605
372
766
79
413
671
142
854
544
665
77
227
274
620
74
126
276
169
123
203
343
104
475
166
203
405
201
47
171
438
249
336
68
477
257
257
353
424
146
40
147
169
29
316
183
784
247
727
48
777
472
90
692
278
140
34
132
599
368
282
382
229
168
619
291
49
119
220
286
330
36
346
45
292
142
845
48
108
709
416
126
194
269
88
586
126
44
38
304
351
67
472
215
421
718
132
150
156
32
302
733
256
371
295
879
118
292
252
428
503
66
353
25
79
37
211
146
30
274
709
83
563
677
295
184
199
500
370
378
60
733
642
86
42
939
41
1008
436
123
270
220
843
109
225
13
614
192
536
382
280
207
264
384
17
495
142
83
667
555
67
539
86
228
33
202
157
159
427
547
112
50
50
232
102
213
22
140
87
740
225
554
120
244
922
46
278
697
35
68
239
380
97
680
77
59
42
587
34
664
505
194
38
97
137
152
129
55
726
752
48
223
104
285
173
506
483
891
37
1166
139
68
371
235
20
281
75
379
614
340
868
134
103
100
60
839
639
58
314
56
48
38
233
118
124
250
397
793
599
151
152
850
1106
256
397
70
87
100
103
111
65
117
491
996
448
100
495
115
196
453
324
53
38
144
140
187
92
876
409
47
64
149
497
249
146
49
176
154
194
448
159
338
209
749
175
598
1004
537
180
763
118
195
383
41
120
212
240
263
487
303
853
233
53
827
131
164
30
962
644
67
278
188
144
465
149
389
507
368
59
333
728
937
55
445
28
511
254
404
153
293
159
252
990
454
116
193
33
92
97
88
200
354
260
105
67
720
965
1033
931
944
304
361
111
139
309
721
52
370
591
938
581
69
305
123
432
101
35
294
48
277
709
709
966
278
536
382
303
359
97
153
70
386
167
158
311
385
451
45
691
813
107
1188
63
302
110
274
395
68
504
82
226
71
609
88
78
573
229
16
172
490
77
464
175
57
151
531
31
272
869
189
148
1003
449
514
263
624
129
143
968
72
305
247
86
28
169
154
102
41
940
68
308
594
154
91
1095
158
414
433
342
559
202
359
443
150
109
349
157
535
1037
737
421
334
106
71
154
547
622
851
55
81
527
41
573
709
61
601
72
122
349
292
52
37
994
200
44
432
204
971
327
823
578
284
737
81
437
391
122
217
510
116
31
378
225
14
161
68
464
343
42
399
60
559
176
278
114
658
841
81
104
526
363
409
142
720
788
243
114
512
414
280
445
290
192
29
210
176
229
36
151
126
12
160
693
523
250
400
37
430
38
323
300
57
523
223
43
126
483
854
72
300
491
157
590
122
24
319
74
252
449
37
233
241
116
344
271
467
254
180
50
397
394
149
84
53
428
1014
655
481
258
356
193
638
508
594
498
856
42
29
51
80
357
878
201
836
102
174
321
596
405
127
364
296
158
160
141
113
135
130
176
376
41
816
285
460
310
539
307
814
248
162
198
46
222
886
432
150
445
217
992
200
292
302
169
289
185
13
760
546
41
275
163
454
166
484
254
859
735
112
122
480
71
297
146
546
303
224
276
453
147
525
188
405
159
1046
970
531
389
388
320
513
22
22
136
827
830
828
248
569
80
45
26
125
321
330
208
48
1035
171
395
104
13
647
794
452
400
889
691
1173
289
241
80
949
1167
883
551
68
96
333
885
57
311
460
78
485
57
30
306
62
537
145
173
290
228
270
450
357
173
247
63
645
163
458
333
374
44
194
473
135
67
701
495
280
737
109
301
28
398
471
275
386
576
723
848
568
202
780
569
195
200
754
258
640
175
336
118
344
59
72
375
345
198
473
254
54
1002
69
281
192
385
258
584
494
556
246
52
228
220
725
509
33
524
109
172
1127
217
64
512
237
491
394
64
153
444
29
65
182
469
195
121
211
128
27
46
98
823
152
755
772
163
56
328
380
803
188
443
35
222
75
316
154
290
687
94
663
162
574
32
213
17
46
353
196
876
41
342
406
105
495
477
614
32
833
384
637
126
43
30
41
156
61
881
139
437
991
497
744
588
82
285
455
519
85
468
40
41
264
120
513
72
858
519
593
263
239
213
408
446
65
168
699
280
61
222
58
38
722
496
133
244
284
329
807
206
415
1043
830
847
108
219
62
576
716
123
571
77
255
1214
141
27
951
135
316
802
787
54
721
112
349
241
808
371
383
643
139
315
746
36
120
245
560
48
58
694
296
75
76
771
351
121
657
745
76
481
31
141
462
115
98
606
488
438
52
259
924
43
130
866
213
62
821
238
299
116
231
327
89
312
135
412
880
112
799
731
135
617
228
355
1147
498
976
458
270
225
132
82
28
84
320
197
641
28
205
77
781
540
325
886
683
257
74
235
195
595
60
192
292
48
44
389
138
263
148
286
53
201
28
65
476
334
424
47
492
112
749
261
400
158
240
160
651
713
446
384
547
184
1121
381
47
323
157
125
963
449
307
104
588
292
127
132
103
110
43
105
318
599
120
346
307
179
403
96
271
245
146
212
894
67
282
61
1017
35
123
197
60
728
359
382
115
306
664
60
28
598
1060
34
278
552
81
275
120
28
639
842
972
101
308
71
34
649
295
186
659
158
1140
635
48
665
161
788
147
182
265
766
81
233
319
160
65
87
696
711
687
344
45
479
156
557
104
121
38
783
168
118
105
828
90
576
711
166
61
391
865
69
41
691
131
207
157
51
224
443
267
698
129
68
601
91
351
568
67
355
808
113
269
223
229
1047
36
67
320
56
1130
431
697
649
47
12
91
87
167
200
55
228
382
93
220
369
408
935
215
459
1095
385
692
222
449
31
107
582
32
257
575
167
702
681
79
65
81
233
469
175
725
349
59
675
386
101
150
48
74
27
200
537
506
152
196
248
384
560
187
477
221
759
126
95
95
942
360
107
414
38
133
573
722
257
372
499
634
540
143
653
82
149
114
99
159
152
48
143
304
251
41
808
222
50
104
189
250
824
317
341
94
589
45
103
150
247
292
229
71
577
64
666
111
86
405
129
557
288
145
274
41
757
13
1141
58
226
79
380
449
723
170
338
13
838
177
455
353
352
445
154
122
501
102
802
416
333
55
78
749
14
323
56
149
467
111
253
482
141
326
160
546
275
50
320
192
248
50
209
1046
738
76
55
562
512
44
1049
213
233
295
163
172
889
158
182
181
24
1130
394
42
571
308
659
150
373
223
290
794
192
272
373
132
44
581
61
399
451
512
523
112
42
549
116
654
71
56
603
177
251
82
354
139
475
639
98
755
138
55
41
362
12
601
144
716
546
92
429
123
51
249
1043
712
425
186
582
35
734
624
36
133
958
416
146
13
67
376
61
186
247
249
368
93
680
28
780
199
1117
86
91
386
712
542
216
477
327
495
223
448
69
328
148
60
144
14
663
198
44
376
324
112
667
83
229
434
245
348
82
113
104
769
564
400
77
408
271
316
76
110
399
1134
226
119
793
88
147
1049
48
133
56
44
39
66
81
465
170
117
91
261
282
72
143
454
117
815
87
85
88
489
111
459
110
656
183
554
43
439
32
144
110
162
30
277
382
63
84
549
108
300
344
35
683
237
471
416
164
569
220
674
93
914
519
613
256
215
677
78
1132
846
121
308
233
783
104
669
644
431
452
299
124
275
137
1011
290
470
626
271
585
545
253
666
384
249
164
336
266
472
886
28
386
12
54
381
38
815
855
87
45
145
239
400
175
547
472
239
116
797
45
451
37
34
139
414
124
32
88
570
45
368
743
655
438
285
392
343
492
577
161
64
43
153
157
34
355
41
114
365
124
31
67
404
90
549
522
209
113
238
113
88
736
571
486
623
40
108
181
99
63
370
33
45
226
568
524
58
1040
71
399
106
33
411
64
609
190
221
253
177
999
344
44
394
252
88
794
667
69
56
395
850
105
387
27
464
78
1097
75
135
55
246
58
35
64
332
14
250
687
39
159
846
253
1119
16
198
420
172
63
914
15
128
317
70
410
80
273
32
104
135
70
28
372
73
118
115
190
244
95
431
332
594
201
83
91
45
150
102
54
253
413
982
420
141
391
59
86
127
102
397
136
178
296
175
149
105
83
763
146
100
54
366
325
828
122
295
548
336
1062
149
264
355
567
622
820
132
180
654
491
41
562
143
239
140
43
235
484
61
16
502
336
684
460
567
515
665
34
28
211
63
135
292
331
1132
85
598
395
203
892
166
156
53
325
508
60
191
453
81
178
168
563
89
570
146
425
754
253
551
918
146
446
31
39
13
1118
445
14
106
220
67
413
448
195
727
156
823
199
848
288
42
549
599
27
232
40
180
42
44
494
168
66
124
286
237
265
293
277
77
45
724
233
368
419
1023
436
400
151
81
413
930
178
755
391
85
483
428
890
123
91
959
378
793
513
73
1130
63
89
335
100
302
492
308
39
436
579
129
260
15
53
486
206
243
178
153
469
64
598
439
620
340
808
640
430
483
241
313
199
60
278
208
311
64
96
84
196
525
348
282
476
101
751
447
194
174
11
186
278
62
31
84
545
86
458
83
155
382
805
193
262
791
249
99
188
63
241
36
60
150
58
1076
339
368
1168
127
126
797
882
48
61
626
136
51
430
88
793
63
85
45
48
93
150
108
506
651
126
313
978
91
65
187
210
212
381
332
32
31
732
487
74
539
35
52
117
196
151
278
696
474
283
71
220
54
582
154
61
348
1097
137
100
204
71
143
31
200
147
53
550
995
138
220
104
564
406
110
47
752
71
416
315
349
517
298
590
597
877
718
54
63
655
471
409
79
529
433
50
363
557
40
112
309
958
475
109
215
426
64
266
13
41
30
323
567
346
198
187
38
192
136
40
55
199
30
202
748
171
1090
759
59
759
740
153
169
219
73
261
132
835
488
248
119
52
686
338
256
867
259
1168
586
178
172
356
467
623
249
706
547
57
205
275
350
327
137
233
881
74
86
124
315
318
54
63
497
532
321
190
1023
738
417
211
528
52
111
44
250
36
189
112
533
195
702
313
89
307
76
453
296
195
165
240
382
46
777
41
239
346
139
108
405
75
950
288
329
256
94
184
281
122
391
1068
60
78
93
139
991
570
114
311
463
255
910
246
138
92
694
82
169
764
154
618
274
76
94
339
248
633
83
79
146
1014
138
1061
335
233
47
1002
802
296
287
682
744
330
867
333
213
427
111
640
432
128
963
224
331
565
113
306
148
457
43
583
425
35
386
351
296
119
548
411
789
705
31
109
598
45
481
300
230
521
198
77
618
107
514
235
342
42
546
411
220
77
107
779
298
353
376
614
51
185
32
185
230
191
476
450
184
61
80
356
318
361
144
475
286
96
316
214
222
581
839
438
66
575
887
166
525
736
604
906
133
279
85
554
226
83
1098
596
68
909
280
161
361
636
274
31
281
357
181
519
199
364
112
461
276
428
49
540
144
730
101
71
388
59
579
316
1156
569
679
268
787
823
123
450
52
856
100
104
575
46
730
595
534
174
775
275
121
216
27
201
55
580
58
234
60
306
87
79
870
25
105
251
416
114
111
921
15
190
58
697
248
65
315
134
863
94
47
31
238
51
1031
32
402
80
79
676
425
815
263
406
129
735
384
364
343
74
107
352
642
304
103
287
754
729
59
247
775
825
51
439
39
629
116
52
165
384
289
757
279
107
115
63
97
58
334
93
182
51
189
1092
902
316
513
83
77
64
209
350
269
98
34
461
116
512
300
116
226
79
934
32
312
200
39
119
55
104
333
577
88
510
47
853
328
26
107
609
611
63
44
72
34
555
192
278
635
35
490
541
513
1009
1018
183
909
392
703
60
429
392
178
33
804
12
135
288
157
83
116
278
775
1094
213
96
752
354
308
181
33
163
307
229
125
569
47
812
63
269
878
155
104
347
127
356
944
59
396
151
494
259
1021
588
287
291
99
213
237
540
237
399
609
831
51
141
158
516
196
116
603
497
25
32
484
54
228
585
217
202
180
232
81
116
34
287
291
392
521
152
1233
92
235
36
846
277
154
328
371
415
418
269
397
573
739
149
118
532
783
96
83
509
900
82
61
352
415
179
97
33
121
470
628
779
608
204
139
150
164
382
948
41
398
449
923
432
396
689
104
518
884
304
256
193
106
449
119
392
476
36
472
65
73
288
596
452
839
28
133
36
263
220
454
1039
151
1125
572
114
411
697
766
701
333
780
46
204
55
147
83
306
1061
29
612
132
509
720
376
265
208
382
115
359
76
892
606
1069
131
511
119
812
59
637
663
60
412
525
118
482
245
372
91
381
573
177
746
31
191
586
242
418
449
149
621
33
278
881
1032
101
42
97
45
623
135
132
872
1001
442
175
276
47
91
102
579
14
26
184
178
441
617
587
656
668
43
497
222
390
77
73
92
331
50
82
333
292
82
490
211
76
258
704
247
43
210
941
147
387
251
83
406
853
178
31
36
68
1041
189
438
225
306
146
128
470
25
189
119
53
217
310
1092
148
803
163
445
446
59
211
1066
520
207
432
538
1095
591
32
770
435
382
858
78
300
386
648
688
142
648
123
220
132
1133
44
263
55
40
174
446
30
75
496
1067
517
828
13
341
66
752
394
103
831
603
307
142
83
795
251
73
63
285
67
330
327
294
108
959
96
48
416
150
338
408
54
89
61
688
796
528
672
49
46
674
191
751
42
722
515
89
161
90
331
310
333
31
619
981
356
716
208
98
189
481
388
716
592
48
208
216
189
237
1054
33
219
36
46
328
179
31
855
383
348
252
265
32
322
32
731
139
597
322
625
530
716
739
61
268
565
962
445
125
792
243
45
97
252
100
539
153
993
73
13
647
116
658
414
1028
524
562
149
803
1148
1040
65
393
33
12
293
32
352
663
75
980
400
510
352
603
129
285
204
116
475
33
331
706
71
138
177
457
767
184
651
30
997
274
508
372
522
61
868
236
500
185
463
128
798
89
1032
51
151
653
77
401
43
76
704
192
35
544
554
207
1056
46
506
688
710
751
438
67
870
509
732
646
152
308
494
153
45
145
1162
47
67
169
197
69
1115
96
69
564
160
624
411
380
331
854
55
542
113
96
146
409
60
54
76
452
404
40
112
280
466
52
473
891
509
87
1231
152
14
1067
910
83
108
623
231
903
159
54
269
30
97
119
251
329
119
84
213
55
575
109
118
788
163
14
215
916
385
381
141
422
545
693
427
745
153
42
67
750
411
631
251
180
135
107
171
290
93
240
114
195
482
207
367
354
451
685
106
243
267
329
469
45
57
411
267
56
222
436
782
182
81
36
127
45
173
77
64
329
84
679
89
303
622
33
230
163
270
229
1081
351
415
198
424
149
131
684
160
34
816
30
258
52
365
281
1067
119
261
222
195
448
212
135
852
623
53
214
995
107
150
72
260
421
264
41
304
572
976
215
497
511
772
341
241
111
356
51
97
112
49
450
89
112
229
707
309
126
48
173
235
769
120
380
323
36
249
651
305
462
50
235
555
686
154
472
298
692
870
252
368
117
39
332
388
323
364
645
544
623
12
273
555
169
458
144
605
81
37
127
617
332
958
56
187
343
311
370
445
373
214
70
427
40
92
42
630
258
316
132
36
1046
1043
70
125
732
36
439
63
57
107
542
266
790
74
102
42
168
532
186
662
358
54
622
345
265
795
799
666
276
115
318
133
524
74
184
179
613
239
198
328
184
28
1193
371
202
29
283
58
118
779
766
174
642
150
400
178
367
400
498
42
238
569
67
358
355
400
191
583
743
687
254
315
540
826
82
31
612
390
449
791
502
172
244
483
55
155
132
520
30
510
348
287
824
35
726
566
330
435
136
50
57
63
633
666
508
145
242
617
274
1135
479
129
681
81
200
41
199
1137
21
962
948
146
524
205
97
301
40
728
215
638
1007
346
60
38
50
47
107
914
615
570
566
232
75
583
145
185
78
423
412
960
50
595
512
349
186
490
340
359
346
65
43
72
259
183
840
418
821
516
130
53
433
184
778
128
74
73
953
240
47
279
78
80
245
142
62
152
232
674
598
762
511
119
39
697
642
444
383
405
551
150
680
260
338
102
86
72
108
553
1135
194
656
100
57
76
88
314
311
47
120
550
122
726
358
372
595
796
61
670
403
362
217
73
51
63
845
311
219
363
450
148
190
413
198
803
105
64
39
144
519
56
867
41
274
855
185
33
339
629
557
329
148
168
86
99
29
136
1040
194
82
367
468
61
168
91
94
329
276
797
202
203
762
675
368
907
661
794
97
114
266
189
507
195
449
235
899
71
77
40
780
332
124
34
595
684
232
472
68
911
148
787
56
194
578
278
554
380
100
58
674
522
378
89
53
743
84
663
457
83
395
227
254
54
175
33
177
42
127
170
237
323
1148
245
78
449
99
182
135
204
167
697
336
451
456
57
452
46
64
504
219
196
54
693
522
321
1018
34
240
1005
531
286
265
181
128
188
610
802
933
118
121
378
67
628
32
80
258
293
51
74
223
109
614
251
28
825
90
287
376
164
713
15
106
61
180
150
184
647
53
152
402
17
1202
54
349
443
35
66
192
34
382
274
361
162
147
274
488
119
313
38
249
281
302
232
201
551
71
84
481
128
13
182
773
642
36
150
480
347
271
196
1122
347
369
31
884
41
218
278
154
35
29
175
518
12
329
167
127
327
96
656
191
541
190
175
1032
350
198
298
188
333
43
606
280
568
60
69
436
64
843
547
95
43
326
668
565
298
789
426
351
272
106
646
30
91
294
322
171
457
795
863
64
237
35
988
308
296
583
133
80
111
437
574
48
300
352
383
369
202
128
331
433
542
75
85
52
281
148
58
384
79
43
145
324
50
32
223
161
425
223
136
198
680
149
753
181
488
520
37
33
179
1042
547
164
301
831
747
1017
387
109
316
58
361
547
28
13
126
76
890
395
682
197
402
664
344
273
1122
154
255
63
315
33
256
71
175
124
125
278
224
32
166
34
207
110
164
57
541
896
679
162
131
116
623
66
153
399
753
877
246
91
226
339
553
126
807
174
533
296
73
34
277
236
199
411
60
43
366
40
1090
1179
108
128
214
733
317
149
491
222
456
402
818
105
432
299
105
793
137
42
405
102
931
583
650
699
1101
86
47
624
26
713
291
204
62
239
390
384
91
59
51
33
58
30
99
600
223
54
85
89
137
242
102
94
441
396
272
313
36
32
612
113
162
271
33
41
328
280
492
116
42
118
694
747
251
166
576
729
744
396
717
362
255
675
521
912
645
184
284
1088
345
488
156
778
655
49
60
116
235
375
597
48
150
108
307
392
472
99
49
167
365
327
363
612
489
163
206
548
555
257
469
471
205
309
366
230
330
252
39
469
634
82
46
694
786
156
621
210
174
42
112
280
412
151
49
261
807
32
207
391
266
59
330
382
104
313
427
912
78
494
154
163
955
152
104
230
56
352
104
603
917
91
755
4
465
484
323
39
485
926
476
194
127
598
17
311
67
523
180
476
487
277
98
54
312
278
426
141
714
517
194
85
354
851
67
109
170
198
80
117
43
1001
65
135
14
78
496
424
322
61
73
190
282
490
58
309
348
551
130
63
590
48
249
212
50
170
502
691
285
140
230
81
375
456
471
186
268
101
328
733
1111
232
809
486
862
90
82
684
75
448
41
38
524
111
733
299
58
36
47
96
236
29
292
98
148
688
95
143
27
31
125
42
47
701
265
186
667
199
341
89
130
141
32
169
321
213
39
305
70
792
429
69
794
451
81
268
1167
1141
110
257
452
90
69
107
581
198
141
172
71
548
675
173
277
275
283
266
80
114
461
101
62
97
1031
278
35
354
203
506
182
535
217
142
84
633
861
823
250
124
269
306
132
76
710
1175
665
259
416
108
566
31
734
265
64
277
221
74
572
117
1016
298
184
470
43
329
695
522
416
89
202
484
355
106
68
165
192
596
670
534
1128
113
220
859
282
481
337
36
244
754
358
62
47
1013
179
304
103
298
388
98
109
309
349
299
423
252
1161
32
270
340
244
504
157
615
38
709
254
455
72
222
91
155
351
291
306
1007
207
782
191
399
960
305
250
31
280
586
805
62
195
525
13
91
320
109
372
38
1043
688
161
46
98
348
216
621
893
31
990
612
63
1009
221
471
334
463
153
62
587
154
138
435
1000
296
1017
411
53
721
168
436
316
311
803
76
372
206
710
847
441
376
133
1115
70
409
168
123
295
194
123
401
284
602
296
78
336
169
529
39
14
17
66
387
131
859
445
287
329
336
52
323
741
585
727
34
1010
683
123
641
988
45
700
333
89
291
403
143
36
188
76
173
97
297
352
1089
298
25
390
273
351
417
125
80
38
77
255
78
175
741
428
600
743
108
1051
52
74
553
149
792
419
609
30
211
558
278
85
283
512
255
588
37
365
214
62
96
162
405
629
377
158
528
254
375
106
487
286
228
42
364
713
35
458
376
109
739
300
118
54
988
571
28
632
285
234
351
88
31
541
118
55
680
583
40
366
288
77
83
596
480
743
11
49
718
622
771
309
163
753
638
978
269
138
406
444
463
1162
220
45
966
86
425
215
393
590
273
644
965
237
697
454
269
147
31
32
933
204
75
168
216
81
370
200
38
400
36
641
130
192
333
68
211
168
180
53
132
328
26
17
396
138
65
20
790
31
43
174
39
753
310
626
49
135
532
259
784
40
183
12
93
589
158
267
64
71
614
385
112
421
47
860
45
204
29
225
322
64
34
88
715
43
184
67
124
47
372
381
674
315
658
346
81
51
741
361
156
950
62
107
252
223
28
36
466
175
170
542
375
278
407
544
543
304
990
607
311
198
122
567
410
748
51
71
441
709
229
259
567
34
722
345
492
34
507
551
105
102
370
229
139
234
636
100
318
34
36
200
364
85
229
350
605
137
487
181
214
416
591
32
454
184
253
213
339
381
413
867
222
67
974
518
537
71
528
432
137
230
46
836
282
47
157
34
169
209
589
351
147
200
272
30
182
882
717
44
724
329
742
570
134
1004
383
107
531
161
601
210
479
607
525
908
160
77
260
532
253
161
91
409
1026
35
123
645
495
11
86
253
908
495
79
379
12
213
702
89
588
398
128
570
101
90
532
166
116
655
166
384
520
448
54
273
362
266
458
149
736
654
317
88
581
155
93
324
199
118
851
203
504
508
132
505
1081
517
57
150
169
278
647
316
293
11
1065
701
457
70
57
124
38
118
52
776
356
559
245
453
294
40
735
252
186
43
269
177
42
59
1188
116
322
394
127
702
296
205
36
80
308
451
272
181
228
940
368
416
98
160
955
451
85
231
1105
210
954
535
582
31
155
38
171
399
355
693
360
413
269
146
52
385
295
650
989
523
205
674
50
447
103
513
128
588
55
1067
312
243
1030
557
94
592
154
35
192
187
449
1007
40
734
522
289
39
427
1119
133
71
196
73
448
179
406
43
206
82
31
385
157
143
208
502
334
30
460
707
268
55
213
117
601
41
72
50
578
84
913
125
1000
866
41
72
950
71
136
140
580
252
127
146
128
167
181
201
439
337
713
412
454
376
411
52
430
96
304
222
191
148
566
1015
318
490
932
70
192
205
503
421
246
773
384
211
463
110
319
960
665
215
213
248
84
532
169
176
197
215
121
482
92
504
85
510
1034
475
36
224
39
44
155
147
289
613
144
102
921
28
377
544
124
165
831
222
947
256
73
688
1189
999
89
777
570
293
96
78
753
169
73
74
699
259
369
122
1135
194
293
128
108
141
519
168
326
164
397
576
223
546
32
129
149
29
38
357
194
74
34
138
175
140
76
221
40
175
578
243
690
598
661
50
47
47
213
733
133
377
31
415
322
145
290
168
727
55
382
416
197
25
441
272
209
149
52
115
67
323
162
111
149
150
920
951
317
256
188
85
64
490
46
433
650
224
75
119
132
896
89
36
447
197
38
119
446
473
84
262
452
219
83
253
73
217
66
35
774
212
590
481
577
40
45
141
44
95
411
186
39
543
528
43
432
1019
580
360
484
700
505
769
399
343
81
222
522
316
268
161
45
199
219
92
477
688
751
161
357
267
143
27
705
1122
149
1168
518
31
809
306
136
53
268
92
93
1002
720
964
35
162
25
246
236
245
29
30
941
130
708
653
248
307
434
61
62
232
414
906
282
313
826
101
51
11
942
139
957
80
168
39
606
56
137
289
139
530
561
390
639
221
630
194
244
39
65
189
33
153
565
214
391
774
246
148
72
416
210
746
260
63
242
659
520
234
142
64
41
327
499
76
41
223
223
161
689
132
220
729
446
231
413
324
163
173
683
54
67
480
42
628
89
529
72
591
461
124
104
204
788
339
65
251
281
232
57
946
118
285
1018
75
419
50
90
605
225
51
987
329
499
198
673
89
629
1028
165
882
434
134
130
316
480
791
42
1034
59
221
306
389
295
279
524
34
851
73
392
52
68
249
69
123
63
667
315
839
801
587
358
30
449
763
632
388
119
31
123
95
406
76
650
345
14
47
554
94
754
349
73
47
167
99
166
38
327
589
73
120
730
417
210
150
272
694
264
84
452
636
330
276
93
707
831
1051
45
353
660
237
143
285
58
257
219
73
258
199
222
526
273
240
626
577
1032
466
204
14
182
106
243
724
858
413
115
105
295
62
187
109
1188
165
97
246
295
655
985
47
92
190
634
45
626
464
513
28
454
188
744
146
61
335
381
76
133
913
477
316
1091
780
112
72
274
363
70
417
225
222
370
63
619
45
60
707
96
167
115
164
173
297
93
1155
191
82
423
122
623
82
689
339
96
747
27
916
33
68
62
841
343
356
73
168
63
210
215
106
545
385
277
60
57
207
105
309
985
351
154
324
186
270
687
922
323
477
126
1181
44
447
50
124
95
123
39
47
1102
758
72
68
112
114
687
356
535
534
342
279
89
516
931
84
87
94
37
912
114
32
149
540
412
155
956
744
900
117
133
57
255
100
92
526
117
113
250
296
39
77
306
275
239
833
449
205
737
121
693
1125
820
467
45
34
342
77
322
715
236
276
67
131
52
34
63
89
47
574
243
100
861
244
823
149
798
137
489
137
363
451
362
328
32
330
103
285
679
46
74
76
1043
722
217
464
912
170
110
393
248
548
73
398
920
80
1038
401
11
196
445
56
749
184
532
355
603
210
440
69
245
31
222
190
104
157
529
314
962
399
193
150
979
71
47
47
82
747
201
321
127
374
529
58
65
72
63
359
74
686
678
253
157
146
249
56
684
162
518
42
279
923
38
32
791
375
146
65
559
564
89
96
518
214
149
404
55
322
90
574
226
126
287
64
175
42
576
142
151
809
145
910
68
98
277
719
320
260
88
208
12
67
372
81
921
93
100
193
98
945
842
49
38
33
144
260
265
488
225
33
424
460
227
93
451
283
51
75
153
119
484
433
883
41
154
82
939
88
169
115
865
343
114
40
182
146
624
283
87
89
154
199
614
496
75
541
69
135
102
56
393
33
390
268
689
418
176
286
127
35
804
43
98
357
527
474
178
311
63
652
795
65
630
104
659
28
320
861
662
46
189
233
70
415
267
499
585
191
296
893
866
86
835
283
138
170
110
81
31
821
1008
97
37
34
179
147
820
475
52
489
406
136
391
276
603
591
102
203
72
246
700
284
345
209
285
275
363
156
83
13
175
320
1126
41
85
287
509
28
156
550
262
134
844
195
641
140
465
142
189
185
243
255
70
100
86
119
177
38
479
181
315
180
54
421
369
724
544
74
48
41
119
451
62
221
334
72
1005
141
402
123
27
182
287
1116
449
1072
104
206
93
423
876
73
262
33
916
770
241
809
1123
29
857
545
262
128
185
280
480
193
495
56
223
233
438
41
663
576
560
838
515
407
70
327
377
208
94
218
165
259
729
340
242
832
38
868
175
200
64
532
497
114
422
190
77
809
412
481
180
51
612
622
59
1054
1023
144
98
153
50
566
190
215
444
218
145
11
36
223
686
66
422
209
605
57
108
105
223
32
72
282
490
32
531
252
445
311
131
418
145
381
166
526
924
854
64
92
248
316
185
794
503
80
125
168
329
709
982
373
453
142
306
222
90
717
757
260
814
101
248
291
71
364
167
28
33
516
775
105
332
921
455
545
117
721
144
271
362
62
575
50
502
369
401
131
252
57
271
490
144
723
403
293
141
212
386
248
158
569
239
150
94
113
485
296
242
410
245
373
178
253
34
13
292
315
37
475
49
72
251
319
259
160
46
561
367
203
926
93
189
251
50
182
944
698
158
106
64
215
100
732
162
32
212
715
47
82
294
69
128
291
45
655
29
577
980
177
51
183
600
314
745
121
264
141
37
907
636
475
48
570
47
411
189
400
671
87
719
648
203
1137
490
269
137
41
145
335
111
62
36
592
218
140
292
119
430
233
76
300
256
61
349
355
298
80
149
239
498
144
640
463
43
82
414
102
417
732
176
361
448
992
826
100
318
199
201
928
1066
124
437
69
83
103
562
834
81
22
187
72
607
91
329
651
258
399
384
112
466
612
371
468
110
308
315
531
716
101
298
610
111
53
92
287
536
74
262
434
478
232
859
567
90
320
1228
126
127
719
189
124
72
204
194
39
147
40
622
367
133
317
119
478
46
297
410
135
25
960
163
455
10
110
732
360
263
132
967
244
594
291
117
92
39
102
122
452
476
133
112
136
139
577
47
24
179
1044
154
454
131
335
86
73
545
37
348
709
50
521
696
235
87
200
275
57
64
537
39
1113
179
39
424
71
291
122
576
50
530
322
1021
854
1037
285
699
325
136
306
98
46
204
248
975
141
683
265
96
134
755
164
453
51
32
1143
447
148
379
355
676
122
156
932
929
226
419
78
182
478
385
455
300
563
747
95
682
390
60
274
187
569
180
409
148
411
491
319
45
459
199
384
209
140
68
1061
508
98
800
445
251
403
500
306
64
228
13
424
678
76
156
77
684
272
160
260
101
120
821
127
419
131
239
554
190
153
95
1029
550
187
90
1054
43
36
107
118
608
488
344
80
122
71
442
445
599
287
191
242
646
224
323
393
220
622
312
542
61
91
681
609
416
108
211
1131
525
86
196
37
474
161
235
230
135
607
159
43
915
317
248
252
761
79
30
184
284
931
117
80
1135
60
334
83
352
562
271
215
317
262
551
67
139
40
99
307
585
469
540
306
365
370
666
77
40
337
134
53
235
531
49
561
123
647
146
166
117
61
523
96
623
1000
586
105
391
37
46
93
696
97
469
44
435
31
282
276
270
454
614
325
294
863
230
374
123
351
330
84
43
931
170
489
448
362
91
258
61
180
167
58
140
140
245
621
102
651
224
1007
102
36
123
795
187
140
165
420
1096
105
152
472
1087
693
923
878
227
117
951
423
114
46
256
42
377
52
775
2
43
318
433
278
256
70
35
766
789
163
194
565
464
174
281
132
351
318
276
678
51
67
416
32
1135
222
105
304
246
115
101
57
194
46
137
684
27
179
1148
73
695
956
226
136
187
540
547
445
49
289
94
94
193
353
35
818
389
156
565
114
593
167
162
216
125
169
129
346
342
379
1155
115
138
629
117
366
197
741
117
333
761
575
529
84
802
441
99
42
320
843
48
318
194
176
371
29
481
287
94
168
61
73
209
237
108
204
314
468
507
65
548
195
79
504
77
145
144
527
732
259
551
326
440
896
532
146
296
471
462
298
93
620
86
657
465
80
1035
491
130
229
492
71
839
163
193
629
352
282
560
85
323
192
714
216
681
181
423
36
1008
428
37
361
50
468
55
103
54
870
59
98
122
160
164
87
655
37
626
522
1207
502
279
48
545
349
273
36
51
657
600
352
594
333
849
191
828
345
879
74
629
175
78
1138
910
33
868
663
178
865
91
489
208
60
114
13
213
143
900
545
305
113
33
129
587
140
162
391
712
83
820
518
192
44
37
951
39
210
937
457
39
895
287
51
99
269
298
231
230
293
901
44
113
547
285
149
188
162
84
756
254
985
108
293
765
704
1185
54
94
875
133
441
598
109
921
769
67
1011
179
35
32
555
438
121
915
575
436
230
190
653
562
327
206
140
115
76
46
899
699
338
280
132
71
145
512
353
76
84
167
280
874
93
448
229
895
392
124
278
119
58
50
457
279
246
442
45
342
243
104
85
223
965
539
197
74
272
78
399
96
216
598
105
763
473
478
144
106
142
861
101
114
262
296
36
419
304
685
117
600
371
214
114
89
774
81
129
385
90
394
183
113
85
98
675
787
165
110
216
295
172
30
826
877
507
719
60
58
223
1109
725
149
638
79
149
665
169
54
356
347
12
106
494
579
262
65
661
1147
1012
356
102
562
1087
923
94
292
167
134
483
128
56
153
56
1038
832
170
762
42
391
571
366
762
157
600
381
75
354
281
740
414
95
708
611
632
131
519
154
210
41
239
610
885
63
600
478
357
49
1121
108
234
914
866
149
104
35
836
57
171
53
198
499
533
599
184
113
47
12
594
348
499
472
759
114
275
629
799
135
166
321
151
265
583
74
46
174
708
708
223
253
499
472
362
384
110
583
384
298
190
216
837
85
271
480
386
70
339
303
310
199
286
897
335
107
433
676
475
27
365
146
465
112
408
97
581
617
637
239
924
72
574
658
615
63
354
226
445
127
350
136
799
934
54
54
909
74
343
437
352
755
823
708
784
848
110
61
428
72
39
209
270
373
115
565
54
237
384
533
183
44
121
51
385
745
439
554
323
150
1122
75
492
256
341
112
680
83
111
118
46
521
513
66
47
71
578
1144
90
102
210
124
124
97
64
417
260
329
178
136
378
22
162
1145
174
331
83
152
334
62
438
462
107
884
77
37
276
823
130
380
893
687
81
98
706
82
686
60
151
45
329
973
617
296
912
623
203
210
158
707
58
895
71
1072
134
64
212
634
637
83
843
638
41
335
538
76
1065
160
226
148
65
26
1019
253
42
452
1073
306
258
964
27
36
607
90
11
59
178
950
493
644
87
583
225
113
430
264
464
51
200
178
684
528
166
34
365
308
26
176
183
871
376
337
33
414
401
64
81
689
546
116
229
775
44
53
62
256
572
203
76
723
262
217
207
640
179
430
886
43
42
47
28
877
34
190
291
12
950
479
952
199
771
48
171
772
383
135
270
1163
346
64
67
409
129
226
39
111
859
113
206
585
139
199
83
863
201
423
589
286
664
633
465
170
97
278
817
907
283
874
114
34
182
112
74
361
310
235
198
50
16
