510
612
276
175
882
111
924
142
497
524
269
439
90
15
50
732
934
189
614
66
260
185
1094
942
1324
92
126
137
904
267
80
509
156
481
63
32
123
955
61
423
587
463
50
299
112
121
701
932
147
648
625
463
1283
263
620
766
931
5
94
4
1203
684
853
140
293
376
525
68
7
333
640
55
27
462
509
221
39
490
159
679
15
363
506
285
12
167
16
62
1
175
192
177
67
305
81
92
274
79
195
336
332
8
300
615
283
924
429
248
839
166
648
402
400
627
185
961
310
120
968
551
430
284
733
1252
427
131
677
606
177
174
1
139
1021
7
534
173
420
164
83
92
69
609
358
1224
67
150
26
390
248
616
960
291
1262
89
36
230
367
169
25
558
377
1011
362
24
364
9
869
47
278
440
97
445
7
113
147
151
719
261
56
377
26
78
675
394
530
455
152
24
853
690
1
128
1018
839
314
594
84
1094
20
68
119
27
170
710
41
673
525
398
216
178
181
1059
952
456
236
628
734
279
14
120
340
955
39
1028
1358
210
321
427
111
148
671
905
353
486
125
29
417
519
10
306
551
163
279
402
226
164
1231
185
564
1071
210
907
134
515
864
1058
26
27
11
271
334
764
705
72
722
50
338
676
161
910
100
391
46
125
196
64
697
305
134
101
642
388
4
101
69
216
551
187
396
896
46
43
468
882
107
121
182
80
642
518
280
939
138
448
157
158
21
694
21
498
37
4
310
21
186
866
201
600
647
734
1303
1
253
75
75
42
542
1
348
84
31
580
14
88
19
316
67
1191
133
1128
171
148
419
797
740
464
68
631
22
251
951
500
285
87
12
21
17
293
293
66
298
18
83
9
487
14
573
791
898
372
791
607
164
340
604
752
569
386
323
661
270
220
154
462
424
70
638
394
648
311
170
282
202
179
424
284
106
402
14
224
489
381
28
536
332
977
482
27
64
156
68
338
901
93
35
685
123
122
517
654
167
1003
123
205
251
255
735
174
819
87
299
547
25
162
5
559
172
519
885
725
24
19
227
371
1032
944
63
170
260
429
546
4
33
503
395
3
1183
104
294
947
78
28
135
383
666
401
12
283
348
272
188
47
344
203
299
89
531
582
299
163
168
830
461
81
679
524
528
132
681
552
208
304
15
412
11
116
726
914
762
394
459
145
409
744
3
503
750
18
23
5
85
214
242
236
482
1113
587
779
244
5
119
703
6
640
160
425
941
491
86
72
244
656
744
574
227
79
288
4
47
157
196
50
987
12
120
6
855
40
103
816
997
178
876
160
386
509
56
143
115
250
706
329
58
207
1
1257
922
878
208
6
397
137
12
242
574
172
59
142
1103
490
816
20
363
298
208
111
101
983
129
172
605
133
687
547
459
86
47
92
105
22
2
1101
37
83
42
139
603
507
331
118
41
829
362
900
583
8
186
353
932
680
231
48
41
338
39
905
443
38
123
172
1331
78
119
1100
753
1
244
38
75
379
226
250
329
217
11
317
382
14
102
601
113
369
116
184
157
59
203
82
209
515
195
1190
676
239
206
1126
306
321
603
228
276
526
257
720
357
45
87
21
391
203
59
753
493
643
56
223
722
173
176
336
1100
165
14
13
213
90
547
221
95
54
493
377
56
103
545
819
330
154
132
34
34
440
21
701
494
17
95
469
176
283
146
658
201
1000
566
155
302
297
312
1266
9
245
39
544
827
142
93
24
71
542
408
37
1241
159
203
565
806
1083
101
308
528
42
41
15
339
73
61
78
646
1356
104
757
331
456
64
507
177
65
1239
720
703
90
1331
901
184
66
219
82
280
278
840
537
612
600
184
617
7
1025
149
105
120
724
89
5
622
554
23
3
420
224
95
614
582
391
762
898
1066
205
213
37
75
1064
27
316
70
535
397
65
129
441
176
81
215
218
513
59
23
505
387
118
458
137
157
801
379
45
1059
47
44
1268
371
298
906
242
278
210
765
247
537
126
454
66
731
478
460
440
468
292
41
462
42
43
189
797
689
47
351
833
462
357
378
270
275
233
308
348
778
223
86
15
588
607
818
181
130
4
232
31
608
559
53
653
158
459
388
515
578
1353
255
687
375
116
225
8
190
852
481
164
476
439
119
116
767
236
409
684
1251
179
157
486
70
11
519
1128
24
162
165
825
455
361
605
277
528
118
269
404
105
518
575
101
355
52
192
1
306
32
1193
120
791
11
468
76
588
29
41
884
1074
58
1067
148
524
1073
365
49
0
667
90
511
13
305
93
83
98
439
1067
746
29
420
86
21
151
879
888
826
878
72
622
69
533
31
894
436
1078
467
340
598
424
1141
160
55
73
551
129
99
173
4
506
250
48
596
328
501
793
607
424
80
8
65
38
22
713
547
223
338
397
123
14
82
89
581
582
490
805
178
981
356
263
37
898
187
367
1073
112
8
796
509
292
1019
667
24
252
768
48
354
706
159
99
37
1029
46
369
884
102
200
701
935
592
193
287
699
138
228
184
396
40
545
574
256
375
163
117
747
529
475
1075
348
345
618
318
789
709
19
945
431
373
699
21
599
175
16
44
292
89
380
881
292
222
360
1140
1073
298
172
139
62
207
131
75
437
585
18
30
172
12
44
383
1024
170
542
72
634
125
103
75
166
392
53
28
414
93
172
17
81
262
3
9
336
692
169
216
424
294
839
8
397
419
1
131
599
103
15
234
175
927
563
133
1323
102
3
73
429
1084
165
563
405
57
295
201
380
333
58
973
92
847
867
76
56
85
254
28
94
22
19
52
45
304
1022
511
20
76
26
426
92
1028
108
35
487
481
545
480
912
926
799
663
84
734
53
58
858
265
194
4
771
127
572
18
229
420
820
50
110
727
448
328
6
541
412
911
159
399
421
331
222
961
219
360
268
269
403
45
325
12
1001
240
815
1052
54
92
166
49
14
3
565
57
43
27
758
28
521
454
496
103
560
534
303
163
510
52
33
100
128
135
623
1054
5
197
268
68
380
774
163
382
976
124
762
285
69
12
217
47
98
95
289
78
404
387
169
404
35
250
205
261
959
249
167
410
42
1089
537
225
103
382
404
830
164
586
229
205
599
140
160
43
251
48
1175
729
51
525
286
1217
333
103
483
362
314
115
1112
98
178
77
724
59
1089
469
181
222
53
843
312
116
165
220
53
153
912
564
12
355
4
307
777
44
355
456
489
33
279
274
292
200
170
523
18
80
250
212
470
11
203
10
207
990
880
576
230
304
387
8
9
1051
186
701
262
242
28
367
6
648
136
433
627
512
974
114
458
46
73
21
39
461
696
168
213
216
242
391
199
332
182
690
692
142
1135
402
68
791
403
155
534
10
578
309
254
18
1051
334
322
373
384
50
71
88
45
375
447
371
647
602
593
243
708
271
596
315
71
646
613
238
341
1194
10
577
682
513
830
614
446
278
134
361
678
497
218
230
102
3
241
425
113
250
13
245
324
595
870
54
487
134
270
7
432
