647
764
349
218
1120
142
1176
189
619
681
340
559
116
22
63
933
1178
255
767
81
333
251
1387
1187
1692
119
165
178
1154
341
103
641
187
623
82
37
158
1216
85
545
736
584
68
382
138
156
888
1186
188
830
783
573
1641
337
785
974
1188
9
123
9
1531
880
1090
177
375
490
656
86
7
430
810
73
35
606
637
284
50
626
202
862
19
465
658
360
16
208
20
74
1
227
245
224
92
394
99
119
346
100
252
428
442
15
388
788
366
1172
537
320
1071
200
827
528
520
792
236
1231
381
150
1227
715
547
367
937
1604
539
169
862
787
227
221
1
173
1301
8
681
215
543
214
104
120
91
774
463
1565
86
185
34
481
311
781
1223
379
1607
109
45
295
464
211
32
726
475
1284
471
29
474
9
1101
63
356
559
125
568
11
148
190
199
915
344
74
486
29
96
860
510
673
596
191
30
1079
864
1
152
1298
1058
390
766
105
1390
32
88
148
31
218
890
55
852
670
524
292
227
228
1350
1216
572
300
797
933
358
25
161
437
1218
51
1311
1738
275
417
535
135
190
855
1151
450
621
165
40
520
654
16
395
708
220
370
511
292
203
1569
235
717
1369
278
1166
172
657
1099
1339
37
31
15
344
413
964
880
93
914
67
415
865
209
1161
128
498
61
145
237
80
894
393
173
123
816
489
7
131
97
285
702
241
514
1133
54
55
596
1120
141
156
232
105
814
657
362
1193
178
585
204
212
25
865
31
622
53
7
405
25
220
1095
252
751
806
938
1665
1
334
96
93
49
707
1
451
107
41
727
18
114
27
408
91
1520
167
1438
222
200
530
1017
940
581
89
805
28
326
1220
635
380
111
17
27
22
386
376
87
378
21
103
14
616
17
716
1004
1155
470
997
776
212
439
768
960
715
509
426
845
346
266
192
585
536
92
803
511
837
404
216
370
258
236
533
364
138
496
19
271
642
499
41
667
424
1243
617
37
89
196
87
429
1151
118
46
877
156
161
656
816
209
1280
152
263
314
310
927
222
1030
111
394
694
32
220
7
719
225
650
1122
925
31
22
303
489
1306
1203
82
218
327
529
700
4
38
654
516
6
1509
134
359
1202
102
35
171
488
849
513
15
346
442
364
243
62
449
270
387
114
677
738
390
218
222
1061
587
102
859
670
667
182
878
692
256
382
21
543
14
149
927
1167
956
520
604
188
539
928
6
660
936
23
28
7
118
273
310
297
602
1413
740
971
323
7
154
875
8
800
204
540
1189
622
111
90
312
839
931
729
283
103
361
5
61
201
252
63
1253
20
156
9
1080
46
132
1029
1266
218
1117
199
486
644
76
189
154
308
902
436
72
250
2
1599
1179
1110
260
9
500
172
14
301
730
228
85
185
1404
629
1028
26
458
387
268
142
130
1253
163
228
790
164
881
690
589
116
62
114
137
25
4
1401
48
101
55
181
767
633
416
145
55
1056
460
1139
751
12
234
455
1179
852
286
65
60
435
50
1155
582
49
162
228
1701
97
153
1403
969
1
324
43
99
473
290
323
403
285
12
405
491
18
134
763
136
478
150
244
195
76
245
104
262
655
250
1513
865
290
260
1435
393
419
775
275
366
662
339
907
471
61
106
23
481
260
72
941
617
827
70
289
922
213
224
444
1404
213
18
13
276
119
716
274
117
69
644
464
72
134
685
1043
428
186
165
41
43
553
27
879
613
19
124
593
226
369
192
831
260
1268
730
186
391
362
398
1616
12
299
56
678
1052
183
123
31
87
677
537
44
1589
202
262
707
1025
1374
125
398
674
53
57
21
436
93
81
92
827
1731
137
964
424
573
87
660
212
84
1575
917
894
121
1701
1154
250
85
280
105
364
361
1055
668
761
750
252
794
10
1309
193
137
157
902
112
7
788
690
27
4
527
291
134
796
746
493
973
1135
1358
278
264
47
95
1354
36
390
95
667
488
83
172
568
222
106
279
279
667
75
29
636
483
142
583
166
202
1009
495
59
1350
66
62
1619
478
381
1141
310
354
273
980
319
678
165
597
85
933
616
573
574
600
372
54
607
54
58
253
1016
862
58
464
1043
585
467
478
350
339
310
394
453
989
268
113
20
747
766
1036
238
175
7
279
39
778
713
63
830
198
600
503
672
735
1727
328
879
478
156
297
11
256
1089
599
218
623
563
150
152
979
306
519
874
1600
235
190
606
97
17
660
1434
28
219
214
1048
597
462
784
357
689
154
328
532
133
674
748
128
474
68
251
1
399
42
1520
148
990
14
612
97
744
32
53
1121
1365
67
1359
188
672
1366
468
61
1
842
118
636
15
401
121
104
127
572
1351
941
34
529
114
27
194
1110
1131
1045
1113
97
789
87
681
36
1143
563
1371
587
441
758
558
1453
201
76
93
714
171
126
225
5
647
306
61
751
419
635
996
765
550
112
8
84
47
28
909
681
288
445
520
160
17
104
106
736
738
637
1016
213
1255
451
337
45
1140
245
468
1367
153
13
997
665
380
1294
831
35
323
980
64
467
880
208
123
48
1309
57
456
1121
132
252
894
1193
764
258
371
886
175
297
238
515
52
681
732
330
464
206
150
936
664
622
1366
425
446
773
410
1008
902
22
1203
561
458
888
29
761
211
25
57
374
116
481
1122
360
284
443
1450
1366
364
225
183
80
262
170
97
560
741
24
41
224
13
55
505
1300
225
707
96
788
152
126
91
205
517
74
38
528
123
224
21
104
321
4
11
440
876
213
292
536
373
1071
11
508
527
1
168
759
139
22
286
217
1177
710
174
1689
139
4
103
543
1382
207
716
531
74
376
264
477
434
70
1243
113
1081
1109
93
68
109
317
38
121
27
25
74
58
396
1295
652
21
96
31
553
111
1307
141
42
611
612
710
608
1162
1181
1022
852
113
939
68
69
1096
348
244
5
979
176
727
23
308
549
1030
64
142
910
571
403
8
706
517
1162
207
503
530
438
288
1232
279
463
326
346
529
60
419
15
1273
308
1042
1339
73
117
217
56
16
5
718
71
56
36
963
30
680
590
650
134
700
699
401
219
645
62
43
130
167
159
790
1341
6
253
353
95
493
992
212
496
1239
152
962
365
91
18
286
57
123
116
363
101
506
506
216
531
47
304
267
338
1224
304
207
522
56
1392
700
293
134
499
503
1055
220
746
297
263
743
178
213
55
323
61
1495
928
64
688
360
1550
430
131
613
459
396
145
1419
127
230
103
906
81
1390
587
220
290
71
1075
403
150
200
299
65
193
1156
728
13
452
9
375
990
51
452
588
636
42
359
362
376
268
214
654
22
105
305
269
617
14
268
11
265
1252
1129
741
293
392
510
9
11
1328
239
895
335
296
31
463
7
808
186
558
787
665
1238
146
575
62
95
25
57
604
889
202
289
278
295
509
264
419
240
874
864
184
1444
500
92
1008
530
203
671
12
734
398
337
30
1339
431
408
475
489
66
97
108
56
460
556
487
827
748
753
318
887
348
760
404
101
825
781
311
439
1521
13
737
869
667
1047
766
585
362
178
477
868
645
259
293
131
3
317
549
143
302
19
307
419
740
1098
70
638
170
350
9
551
99
944
605
544
402
1077
118
1293
222
709
86
1328
650
1537
578
6
76
301
339
1
912
1108
200
1186
160
681
97
21
290
1169
251
233
42
853
1192
215
185
54
184
100
586
457
378
614
34
36
123
327
415
741
351
240
1590
792
209
1012
159
1116
426
149
70
917
16
671
325
228
655
556
277
297
30
302
138
153
260
10
24
50
58
201
206
1342
525
544
150
2
299
246
36
420
418
1001
58
151
567
66
222
113
934
79
853
306
389
90
74
356
92
1268
918
282
368
544
349
30
375
718
158
207
273
39
137
118
191
58
333
1251
31
583
284
1269
983
1346
26
593
563
95
1277
1662
175
402
385
306
903
828
663
28
86
52
688
817
132
920
1088
834
122
772
149
5
67
549
46
796
434
58
201
25
1657
292
1041
315
240
985
224
802
244
168
729
191
448
32
1551
221
83
1236
1249
43
10
73
231
396
905
658
1221
87
54
288
801
146
177
306
120
79
525
554
1176
965
101
540
520
548
1111
993
142
354
619
887
12
332
1594
92
55
1205
632
270
745
63
421
1096
422
344
394
373
525
103
463
247
428
377
2
397
132
350
286
580
1598
252
3
45
150
271
332
26
198
278
1447
621
461
2
327
388
72
208
208
1068
304
1
281
84
1551
161
490
83
374
107
106
131
586
59
1104
934
690
20
320
429
954
142
437
178
246
2
57
10
83
180
544
34
133
80
403
776
63
550
505
840
202
622
595
188
131
43
22
238
149
259
700
88
20
796
281
82
135
629
454
363
30
1195
507
145
197
334
305
351
1269
468
564
13
237
314
329
368
311
95
282
256
164
1639
2
1285
74
426
184
1049
113
400
26
812
497
66
672
700
399
222
79
30
901
544
636
1382
1318
608
353
869
899
1240
686
348
285
785
771
373
303
210
763
367
273
1052
780
582
687
132
343
182
733
254
58
139
1246
123
254
559
894
410
1472
1555
27
184
161
306
195
731
223
649
347
436
1270
493
174
365
1016
444
204
16
567
833
962
142
414
536
173
24
647
132
480
345
1188
637
453
131
687
254
348
1313
332
113
679
319
31
311
822
657
939
77
493
940
313
424
776
320
26
446
183
735
811
145
769
110
342
34
275
136
725
335
786
583
5
15
642
13
290
736
115
18
520
536
255
232
73
100
216
26
346
1388
1081
132
248
745
282
406
31
843
725
279
1146
21
764
1024
597
422
88
4
460
57
614
341
1385
16
140
287
357
129
1475
399
22
129
447
799
946
863
6
637
292
466
26
64
127
83
1521
784
205
798
165
319
87
602
601
292
1218
523
593
582
377
153
570
1072
65
743
383
935
562
1101
161
1165
79
553
204
692
632
586
768
271
219
27
216
66
506
978
124
34
453
62
987
86
909
313
303
310
207
35
324
344
199
145
209
369
515
165
338
90
544
12
437
8
371
54
1039
431
1515
1390
1001
14
515
941
188
355
187
26
103
984
279
108
33
1149
69
723
231
402
110
439
485
925
820
753
142
164
338
252
1617
122
1422
68
58
29
527
709
548
409
260
994
681
455
40
472
1228
1491
263
563
73
33
366
177
1335
301
1763
404
109
212
6
731
1440
76
374
658
1235
176
35
72
723
778
1066
6
96
395
266
1337
1041
83
2
1577
377
724
566
413
1125
600
1030
368
167
1005
30
31
1024
68
976
88
751
38
1317
997
515
312
1324
25
405
194
20
876
1595
607
215
111
84
68
426
79
59
501
244
8
19
345
5
727
132
415
236
25
89
624
512
1390
259
11
556
1324
62
158
436
100
158
620
63
221
290
534
575
156
89
72
33
562
432
18
373
1086
651
54
49
12
325
511
1279
464
677
247
172
796
937
74
737
38
1003
31
494
154
175
901
222
124
1374
337
1333
713
1101
84
134
486
662
490
606
834
272
767
210
1521
844
252
6
887
461
62
162
261
539
329
265
415
1129
540
1248
320
25
93
156
408
112
1177
14
374
71
145
43
177
904
6
684
947
842
136
37
1448
1495
54
988
1078
27
215
1177
317
5
1538
399
220
180
927
1367
991
38
983
208
623
738
64
704
18
86
70
165
946
88
90
202
340
98
14
723
709
1300
1129
54
770
310
594
802
960
10
450
86
659
370
506
252
129
43
812
1514
866
97
36
93
426
490
79
1548
250
881
525
48
112
606
463
1017
422
847
51
2
60
291
481
699
545
1591
398
21
100
33
136
955
359
91
787
624
359
214
34
360
1017
274
400
1566
560
306
361
435
214
490
931
491
74
157
1156
256
713
1111
12
311
958
268
1525
1310
644
706
70
1222
44
268
137
291
75
1053
67
2
691
541
858
399
35
426
967
35
1025
1077
83
1275
782
236
324
724
1391
79
621
780
582
22
246
217
922
224
69
111
239
264
1289
102
210
1074
44
608
81
19
199
428
68
1751
997
644
321
345
214
806
75
1318
262
430
181
698
158
391
63
158
48
764
29
621
194
707
563
792
27
119
404
309
393
853
48
81
96
197
275
354
498
870
1722
589
456
63
1417
419
67
1045
219
127
616
467
1261
156
798
784
629
76
116
81
91
233
429
343
43
191
889
349
751
1205
133
202
392
675
194
474
297
1675
452
51
634
281
530
783
602
108
836
365
971
641
338
843
448
202
1136
134
662
197
339
140
639
379
443
1
190
402
9
136
137
338
554
517
689
407
1284
547
1087
53
78
9
106
826
153
33
273
125
1061
237
26
583
351
456
311
143
969
406
175
341
84
34
451
483
188
366
460
581
9
3
651
186
634
107
15
96
270
79
516
383
869
188
903
856
978
851
297
225
1081
691
870
49
122
104
380
689
1253
908
354
45
831
354
943
335
145
1055
838
19
922
1094
589
376
74
1393
610
27
122
308
627
135
1711
371
73
55
165
827
1022
427
415
84
1392
416
1334
348
562
651
127
1512
164
500
375
222
654
737
1347
324
367
1312
80
269
20
59
353
102
75
397
44
190
767
1226
1045
637
2
543
674
436
78
168
158
338
220
604
21
178
94
246
1162
645
797
1206
191
784
676
65
832
1082
898
185
437
194
272
709
292
191
65
1146
36
311
1677
230
825
120
222
54
772
19
214
232
891
708
361
1489
648
68
259
155
146
132
747
65
398
282
231
698
793
136
5
166
579
936
449
11
144
531
235
368
1353
12
1247
278
622
84
1074
272
862
1091
6
148
119
397
206
428
99
1188
489
875
56
879
45
59
448
26
141
121
134
414
44
414
440
473
1025
50
837
1162
222
286
325
189
1149
259
216
709
222
65
4
80
537
241
1448
144
143
152
366
180
253
561
1312
1502
260
1329
152
596
519
513
338
941
76
720
214
410
197
222
114
1390
164
402
712
1054
50
299
506
13
144
336
221
984
1432
1321
205
13
51
89
436
1477
1218
957
171
179
1393
8
540
286
964
1176
13
432
1317
655
838
993
191
378
42
704
362
394
1507
316
153
13
436
963
220
692
108
176
190
1348
150
15
250
84
409
1112
5
1152
829
38
92
1053
576
725
431
778
385
622
135
11
97
83
4
37
361
19
1182
1418
81
78
127
999
78
467
399
466
379
251
41
501
221
65
1380
506
1565
890
1582
152
223
320
632
204
166
150
111
783
415
907
527
791
13
613
782
256
8
136
540
128
37
944
1171
44
731
684
107
31
1256
1167
493
433
121
255
54
29
2
334
364
417
335
55
40
514
444
68
1449
173
781
143
342
184
802
617
1168
951
112
510
36
77
12
172
34
267
414
1592
482
873
88
888
24
1580
382
1008
179
449
194
693
266
314
915
57
621
231
668
176
996
923
954
778
128
748
298
440
14
1066
100
618
1473
124
781
439
643
137
34
522
498
1143
178
485
549
457
363
293
19
4
26
720
220
153
54
112
1118
102
14
59
611
329
183
465
618
184
230
241
558
41
1607
1051
325
1410
918
313
671
880
45
12
30
86
598
385
464
131
540
1248
336
151
793
6
138
921
459
879
98
160
539
593
313
76
1115
18
46
444
1
405
108
135
622
1157
872
1086
91
155
167
507
326
12
298
433
1673
181
5
545
178
24
1098
840
1297
830
8
115
44
732
588
605
394
357
1196
416
1126
2
611
47
81
786
956
330
433
402
1015
881
570
664
36
1466
9
959
201
537
117
1008
446
453
77
1375
300
1092
1133
238
61
784
109
900
24
285
260
299
112
389
1129
198
771
407
304
123
15
934
148
831
476
286
1286
50
775
227
569
554
153
171
816
182
896
1075
950
878
864
632
729
327
274
450
738
148
1294
1292
67
227
276
14
713
76
994
319
1145
58
72
835
38
121
90
101
252
32
1
540
236
104
621
253
624
1514
930
213
489
182
7
256
851
75
212
120
650
326
608
5
15
306
627
83
591
329
312
639
6
267
429
139
43
390
283
303
420
79
86
63
219
409
260
434
520
200
17
45
193
304
1149
387
1053
755
567
180
186
190
60
148
22
402
284
388
275
267
1128
597
167
29
426
295
90
254
1665
348
245
117
735
347
195
50
417
1187
12
686
754
280
1507
14
948
48
27
108
253
474
100
140
96
1
315
308
518
192
973
533
378
78
225
108
29
193
256
108
183
1105
400
1184
276
589
907
724
537
453
211
255
26
479
109
534
66
9
112
471
62
39
212
65
680
112
1590
172
447
107
179
507
272
454
760
575
136
375
876
545
913
14
321
116
555
252
602
612
887
264
1084
136
54
259
511
1040
1558
330
768
596
1402
324
196
824
212
61
706
500
664
703
338
639
1118
580
6
108
205
357
214
262
1487
145
1011
270
146
199
16
25
590
486
54
991
244
931
123
1279
330
12
358
82
33
67
803
519
566
1200
171
836
290
1083
228
429
180
996
266
80
854
32
357
10
89
209
751
198
418
354
179
1000
1124
115
40
108
166
136
4
854
7
359
85
96
330
114
32
51
943
525
3
1669
370
45
742
149
1488
1176
690
1128
318
734
817
167
152
11
149
34
341
267
7
63
206
123
53
204
313
50
158
1206
106
28
407
538
81
311
391
420
522
117
516
465
389
5
6
902
627
141
2
12
1147
338
140
625
315
1272
256
743
9
87
27
1070
269
303
541
170
390
789
523
4
11
51
637
108
183
669
861
1230
59
1056
407
733
866
7
304
1359
1224
128
931
128
22
10
1026
731
1343
104
221
215
18
14
583
687
109
451
5
707
183
64
817
239
36
28
414
98
10
207
342
218
535
967
200
1205
161
260
750
1100
328
59
764
40
546
542
1076
615
95
194
231
14
5
142
93
76
258
1323
1252
781
367
1092
1103
375
1093
991
271
105
1004
215
53
471
1455
2
94
195
233
140
518
1370
248
163
905
748
301
60
505
2
170
1118
357
396
1142
17
1792
638
89
532
737
386
348
6
337
601
843
479
120
251
553
969
358
466
667
438
181
4
28
136
64
800
51
611
588
321
6
1547
1
74
37
53
632
779
664
393
33
21
3
245
9
1535
969
817
72
692
59
632
620
474
272
775
51
8
337
465
847
362
48
132
183
57
620
1097
214
71
879
820
901
1485
589
356
91
56
39
381
354
97
31
961
82
624
628
71
459
146
662
932
1019
101
51
1545
733
164
123
271
777
1259
679
36
1591
574
202
374
523
1091
1085
1569
1190
975
233
678
789
563
418
1273
664
32
28
5
173
251
523
65
153
253
336
75
16
232
447
515
489
635
360
1294
778
396
207
1352
749
1455
134
421
231
1232
40
995
398
17
428
457
653
20
1033
377
500
21
851
107
1086
823
266
113
59
980
290
108
199
411
700
1447
191
15
346
598
241
908
984
183
221
319
44
1449
47
72
251
1330
695
362
461
819
4
5
1178
541
1368
198
106
286
613
382
53
370
92
15
1177
101
736
39
565
114
659
622
1190
563
601
127
373
1021
1205
353
314
227
1035
169
67
293
681
345
178
1462
844
864
21
169
336
165
1119
595
205
757
542
114
905
175
86
398
60
38
269
217
515
2
1345
192
17
347
262
563
1110
889
1087
238
326
886
980
128
322
207
32
595
1324
688
702
111
361
126
653
1592
196
1364
73
1016
154
338
473
485
213
54
249
1299
453
283
533
87
418
84
1112
126
505
383
474
264
1
374
204
673
270
620
672
94
331
748
686
680
15
201
174
667
202
454
1330
234
184
662
329
697
516
248
27
464
599
200
728
1306
320
178
898
493
10
535
1044
635
1028
255
1567
860
223
664
30
214
186
120
772
867
47
43
67
14
544
171
227
129
482
230
535
340
261
1459
411
493
844
71
108
24
100
5
348
56
342
819
351
258
1047
120
1236
46
498
1221
295
50
61
1546
46
571
34
843
547
355
788
107
45
755
199
579
1641
1218
338
577
557
200
192
825
67
509
823
946
306
11
128
93
147
874
847
658
546
192
515
81
479
1094
1241
270
41
43
64
685
118
613
713
1399
56
109
1157
717
943
449
347
1769
902
271
941
1037
905
49
1388
504
40
10
1276
1097
767
1125
744
146
133
1324
964
454
29
1215
489
458
147
216
780
342
35
49
529
1662
230
1453
218
1055
576
965
148
139
422
293
900
1213
577
629
523
22
889
531
454
361
201
162
159
1043
15
547
671
1053
373
430
161
80
5
138
1705
15
1157
576
1105
18
1075
38
40
561
185
568
1016
1143
688
253
148
1365
549
83
729
478
585
253
199
394
1088
180
482
980
21
69
108
34
47
76
450
13
1
224
189
583
180
4
312
410
312
854
124
1284
492
46
222
147
222
735
803
1319
184
333
376
1160
1232
618
21
1178
1003
48
537
109
73
79
161
948
139
1406
779
285
880
6
16
37
347
12
88
175
38
517
587
9
664
255
644
2
71
525
139
437
153
1737
303
844
373
35
1094
256
711
724
618
32
270
12
601
516
1303
957
824
24
54
753
501
1273
1077
172
58
1048
459
40
79
8
308
1111
189
109
779
745
174
132
156
1261
99
29
110
104
14
891
23
540
421
94
1464
186
402
532
599
55
514
1209
70
159
1055
222
60
32
226
20
386
811
393
1
19
685
1113
591
500
415
1049
524
444
749
92
7
9
157
39
490
370
1316
403
481
233
224
275
321
880
263
32
153
582
689
218
351
565
319
521
21
245
4
391
624
1
97
843
236
1123
14
727
739
560
771
565
935
903
616
111
250
1274
549
1108
47
1436
901
224
426
231
21
314
118
182
138
409
1072
544
533
210
1047
646
109
1147
15
600
361
522
23
465
73
70
1060
267
375
143
31
236
652
281
1044
431
370
132
210
900
103
671
419
331
1715
851
25
1364
802
73
125
418
412
210
537
897
322
537
311
8
18
630
506
605
438
311
1000
8
999
491
53
1352
123
88
848
797
271
2
719
171
1139
197
345
662
246
552
732
425
420
1425
321
1087
1202
532
1476
1617
261
18
60
120
436
611
788
4
1051
919
110
291
326
7
520
276
5
1223
371
1308
51
442
18
163
19
35
33
334
361
293
601
1491
162
431
701
528
442
93
140
55
327
161
231
10
71
395
71
25
181
153
512
170
233
161
572
74
327
83
1098
451
109
346
1720
250
12
606
70
95
275
260
978
779
262
792
174
342
159
994
74
569
758
1104
532
1528
32
35
41
1351
737
246
1000
122
985
573
20
782
454
569
289
1003
329
862
321
39
8
620
427
923
323
509
212
64
274
735
703
27
525
734
135
1
159
62
28
432
408
485
350
109
127
252
527
1184
945
1056
413
211
627
104
729
150
255
641
158
205
14
34
780
465
1130
24
1555
164
45
4
1045
365
740
853
33
572
1
24
1060
26
445
1034
1157
628
199
1238
348
247
173
805
419
183
957
1184
502
460
172
1440
493
251
732
1133
12
1384
1637
649
213
747
694
739
144
173
78
472
122
1450
697
1386
325
138
286
832
885
65
12
5
181
134
240
16
1226
1477
1444
447
528
387
1471
39
621
1196
72
119
1
590
432
1037
105
61
191
14
44
568
683
120
650
75
636
1068
1459
1208
1466
399
1478
346
894
476
1438
361
248
12
19
455
392
877
785
730
706
9
660
1355
1126
235
48
7
75
968
131
884
414
302
232
509
167
1069
128
370
157
227
154
118
444
1
139
399
1035
518
3
276
563
358
484
101
114
254
169
624
1184
231
832
236
506
367
96
475
473
456
3
861
225
333
1089
164
285
280
265
153
266
998
189
23
458
891
829
1001
406
1456
94
48
128
1720
455
455
1110
439
150
575
424
1107
94
669
1381
357
310
179
348
8
1231
174
1398
748
270
309
3
136
464
206
85
46
455
11
1299
626
444
1312
707
81
1044
15
45
88
32
1115
113
189
301
14
67
583
58
578
593
299
1075
72
45
198
279
148
449
1226
254
907
255
430
997
628
433
242
754
211
104
309
205
771
128
7
34
1099
183
53
571
277
58
1327
639
675
49
4
696
717
249
859
595
1006
51
316
378
275
822
268
109
1212
337
1435
359
157
579
115
73
718
4
458
2
436
465
213
523
108
39
829
663
72
294
425
148
450
169
273
1552
307
482
1420
389
90
1254
92
87
826
531
403
1035
628
1041
12
1722
414
329
694
461
1366
403
866
77
82
162
87
164
401
1185
242
74
354
91
506
1062
50
848
1205
599
48
402
1205
126
796
749
402
165
149
56
192
786
6
1
25
909
160
243
1514
466
80
753
288
512
277
1618
767
587
8
265
221
244
1213
796
60
244
688
109
1316
507
189
36
808
235
305
489
227
204
982
758
73
1204
23
513
77
610
422
673
41
824
41
329
770
157
13
1226
239
694
14
260
316
974
337
86
808
117
492
578
1291
370
755
20
643
3
121
308
618
887
345
655
223
304
230
282
114
136
209
176
1120
181
208
298
69
958
978
133
395
464
119
827
238
37
773
412
88
205
88
330
1249
279
1503
288
348
835
90
149
35
73
312
995
1116
39
125
584
243
40
975
254
462
935
344
602
99
647
340
529
117
624
134
184
285
67
501
1158
559
2
315
43
1516
343
74
149
894
706
327
773
924
225
439
458
332
977
79
1456
122
436
547
1210
752
101
3
874
1
348
203
144
1223
757
396
657
575
306
411
475
409
72
912
896
196
293
0
845
132
240
911
257
76
517
718
1616
113
606
255
1505
497
110
839
631
630
833
23
264
117
1060
309
463
152
70
221
225
102
381
172
9
73
7
1325
284
817
1097
362
461
127
27
493
173
14
68
999
328
304
1141
1264
221
691
103
517
162
161
1014
636
152
214
269
206
328
1250
103
297
114
1132
557
3
17
219
69
1325
481
59
449
916
1505
1188
1123
548
127
348
6
128
37
102
480
1392
1213
88
409
246
597
662
1112
446
500
808
47
104
601
118
662
138
64
101
131
39
483
1567
664
688
1109
20
1231
751
643
706
378
304
195
16
243
216
768
380
47
122
1257
153
580
35
27
168
240
90
293
250
35
373
535
897
174
509
86
135
1286
1487
135
160
19
9
175
161
155
71
625
258
973
353
571
9
891
581
197
70
30
682
154
5
181
1169
135
20
1304
1052
287
17
126
50
300
319
366
468
667
129
82
1
1249
19
1118
501
95
86
1232
74
207
675
820
689
1152
157
509
495
391
537
75
17
37
144
394
168
681
47
575
651
3
498
704
418
4
302
1000
6
856
642
962
404
324
967
253
434
309
1463
1261
575
92
408
137
482
286
124
842
610
1296
461
1420
161
121
592
151
2
817
344
146
15
13
86
30
1633
178
1162
382
14
1294
965
375
1090
204
541
137
664
15
490
83
296
16
752
233
438
615
70
673
131
180
115
301
14
368
534
315
588
5
1328
572
160
727
523
525
362
1393
416
21
828
106
1043
1263
374
832
530
181
646
532
458
244
340
692
1556
1725
68
1094
1298
476
221
583
248
20
946
203
94
8
266
1066
207
4
197
323
454
136
511
945
754
3
688
180
923
139
144
49
320
29
543
21
11
1059
860
833
808
96
188
505
734
630
710
370
174
99
4
200
1486
216
1288
456
470
21
85
222
250
705
20
124
20
142
1630
55
801
226
1065
149
1046
469
360
27
1138
45
1129
389
205
144
231
385
1229
685
102
1380
452
933
370
44
482
524
81
242
640
358
531
252
137
371
645
315
161
391
776
84
778
18
133
251
182
742
188
48
304
90
821
487
1476
112
1167
677
110
658
661
261
1520
1111
1107
442
13
406
444
64
440
563
1013
264
491
420
89
424
95
547
955
75
104
309
3
389
731
573
268
1274
34
695
249
256
372
1086
340
512
1149
979
232
162
149
8
52
472
626
718
848
227
32
1237
377
1076
57
210
393
187
1291
398
61
27
34
526
447
1094
211
79
987
271
13
1
1079
303
377
132
994
14
331
1233
1012
134
322
468
308
20
27
1116
18
571
1438
614
80
729
66
490
1415
649
810
656
89
141
948
180
1172
191
459
431
322
143
349
1178
571
622
513
135
1003
266
371
51
852
138
508
1241
595
869
78
749
1006
221
266
166
147
929
67
240
494
41
414
884
540
331
17
152
679
270
1321
2
670
383
70
229
655
1304
185
154
340
343
39
59
292
330
412
42
408
456
70
47
82
25
98
73
23
96
140
539
1365
472
282
2
261
266
685
5
372
721
128
198
52
145
161
873
393
72
515
274
91
148
68
239
918
14
366
222
666
361
480
77
269
23
1199
105
14
471
2
1225
311
140
351
595
571
1046
153
215
18
190
92
397
73
276
13
446
5
613
120
173
538
823
4
524
214
424
165
220
1422
320
881
67
460
718
285
35
505
308
528
51
10
777
71
80
226
510
550
77
172
269
29
712
1136
898
146
250
262
280
849
114
445
392
1251
137
925
858
713
283
171
205
400
312
813
481
49
195
965
169
1013
64
538
139
109
446
32
748
1255
138
586
224
1406
117
76
600
1196
316
407
1271
76
13
68
354
7
165
236
742
1651
1187
726
49
1107
881
221
167
596
308
342
128
352
167
457
309
569
953
185
275
13
506
495
505
26
1182
1698
187
73
97
1350
588
159
773
279
8
386
114
683
1360
780
779
72
1033
489
82
1135
147
90
260
871
329
377
22
437
665
639
1327
223
752
339
12
39
628
501
56
190
763
366
491
25
506
943
1157
221
221
162
322
242
948
417
353
99
293
296
714
116
50
670
165
496
715
1695
784
149
1014
153
897
942
25
20
1531
311
56
1299
247
20
28
68
113
245
402
348
616
91
395
36
88
956
559
1056
1090
159
300
16
794
116
87
171
589
958
432
33
451
695
304
474
489
892
251
26
414
18
297
820
271
57
13
516
232
215
299
601
1
465
1191
117
1029
172
550
104
502
271
257
20
257
367
5
327
17
163
624
433
171
937
632
2
93
84
355
92
615
122
381
1242
393
133
137
664
137
82
582
1178
271
241
1311
265
534
283
343
759
206
188
905
1299
1
9
1163
1666
118
1306
59
31
1006
186
824
30
237
124
10
29
218
24
274
102
797
1485
197
421
1202
84
1348
651
607
12
265
252
1481
349
249
166
320
515
72
1571
1009
944
227
1387
1124
138
189
115
7
17
192
249
392
414
809
196
1209
408
48
625
31
408
765
46
542
617
111
18
132
435
83
625
791
323
734
75
638
389
16
413
1037
805
19
581
931
233
283
287
335
152
834
718
910
779
857
183
182
86
261
401
522
1259
266
1283
24
694
26
158
225
115
683
145
1193
43
965
14
50
227
329
956
140
480
171
549
442
304
139
43
435
586
231
335
735
76
636
1
212
154
1304
280
752
837
1753
108
775
60
1168
472
37
341
71
1180
662
135
219
713
1151
309
684
855
139
305
608
736
851
164
1064
623
16
1323
465
1197
802
406
348
3
188
511
751
79
574
301
87
7
1005
442
68
582
1400
130
235
1406
81
269
99
383
25
986
167
398
1085
193
44
175
533
11
1151
393
295
236
882
416
10
888
747
487
50
824
863
1054
160
180
635
145
970
196
179
361
201
951
251
7
1291
3
72
51
164
841
134
890
315
132
729
291
635
1389
742
267
1634
610
5
532
308
168
649
29
25
126
330
75
230
544
1523
361
637
618
386
867
356
788
1345
168
498
326
152
1309
217
403
1381
273
511
563
566
401
1569
1597
739
489
64
199
290
746
831
143
774
596
439
388
275
645
26
47
240
1568
323
871
369
1590
625
194
819
42
606
39
65
3
523
323
1104
623
68
64
276
823
1237
108
207
337
483
21
68
49
29
141
267
1054
202
914
345
543
166
233
1033
745
119
1237
28
761
602
85
138
1137
302
852
468
173
476
486
192
66
169
22
380
297
432
509
1003
174
26
1240
72
10
727
222
62
230
978
485
138
552
49
285
504
941
685
574
38
59
236
111
103
428
53
507
144
1515
684
1252
1100
286
469
184
471
252
78
60
704
112
975
210
121
402
1255
662
125
1568
126
92
440
388
953
323
445
222
220
47
4
328
66
488
572
277
1115
1647
12
40
443
145
296
298
1114
865
28
63
151
380
170
1198
274
1079
13
1349
183
572
223
185
1467
400
202
238
19
156
708
213
707
255
1020
545
1465
799
589
276
116
111
424
230
532
10
474
102
735
833
132
189
24
904
356
631
307
1717
72
212
1050
218
717
732
7
619
691
1495
95
146
671
152
899
122
147
326
470
583
9
766
1028
764
552
221
49
486
581
317
448
92
219
130
168
1075
24
105
1313
564
578
680
24
124
764
490
793
273
233
146
310
897
520
350
532
861
326
649
707
219
540
1022
670
948
39
25
932
34
157
733
56
88
79
408
689
1002
1022
100
478
41
232
707
199
408
289
389
722
55
138
32
105
187
614
13
6
1035
836
566
13
26
1691
46
172
107
57
299
511
47
492
380
503
766
15
857
396
977
1043
150
231
1070
230
424
225
336
280
329
562
1
731
355
38
127
231
233
357
977
115
35
345
830
910
167
831
612
38
566
801
218
222
28
712
493
380
131
378
1441
124
203
193
123
1284
1714
1045
252
165
371
382
120
297
482
84
238
629
122
1258
263
174
645
197
100
192
61
713
37
939
581
22
135
53
1
861
16
32
26
402
1161
23
432
619
46
618
39
120
1171
1362
561
404
740
1272
55
92
140
91
376
359
434
339
924
768
75
170
250
74
767
573
1057
53
397
373
161
618
566
256
3
431
50
282
1051
582
730
175
232
18
233
21
762
593
274
197
88
800
144
911
260
1076
671
1318
1677
208
667
8
473
1235
104
916
310
172
536
498
321
1183
217
179
87
346
432
321
208
904
282
316
9
294
696
727
666
1129
393
405
501
125
1142
235
610
641
787
34
360
52
987
168
1464
201
358
742
167
292
1237
261
1398
761
150
65
255
314
291
289
13
33
125
775
12
173
1474
69
930
242
265
73
564
561
2
1051
316
67
458
251
779
21
869
118
1461
1037
304
879
1450
115
1578
2
341
677
220
126
463
184
63
278
1414
286
64
523
605
215
1674
560
30
231
358
227
370
1702
524
648
526
1420
210
36
609
713
725
535
190
41
37
335
84
421
21
255
253
358
777
282
100
1111
308
1758
459
327
926
548
835
942
36
40
1566
349
276
24
1258
789
821
75
730
211
979
488
304
586
338
266
34
199
14
256
321
653
575
521
226
527
118
930
1417
619
87
189
21
15
286
544
91
653
317
359
186
1037
633
1
964
873
320
248
300
442
237
191
88
118
1693
96
39
285
1278
828
7
63
1071
1311
666
200
104
806
200
993
576
530
666
1441
282
25
40
296
319
11
78
305
1491
548
72
129
208
524
221
1372
923
1359
60
280
22
271
63
534
66
6
313
439
235
64
1217
387
67
704
985
1511
16
582
794
110
158
941
281
543
1071
1240
26
1523
140
201
18
901
1337
176
329
485
462
0
88
195
459
844
286
1640
71
291
628
179
683
197
56
271
360
44
1635
569
47
497
1097
367
772
813
21
1048
677
422
75
18
728
209
60
238
80
458
11
230
238
159
637
1138
1090
171
81
330
98
413
316
604
922
555
94
745
34
143
722
741
79
48
167
187
42
110
382
194
656
705
537
545
738
472
3
516
530
1205
32
127
60
145
769
277
689
2
83
116
76
56
38
562
835
9
40
381
196
13
1709
238
100
17
855
985
355
618
291
128
805
835
143
571
133
254
623
162
325
219
180
51
53
20
379
1155
957
1508
615
484
125
951
59
75
710
145
273
92
96
73
726
517
88
523
157
1677
946
242
795
510
347
385
442
1099
320
132
195
589
130
852
455
1303
281
833
165
1628
11
226
16
1368
563
359
1112
330
86
738
758
793
13
941
566
658
153
28
894
844
521
1093
80
582
956
169
1208
763
952
75
311
384
874
65
140
357
218
134
264
466
104
666
198
261
575
241
24
223
599
323
472
58
666
342
344
466
586
198
24
177
213
7
449
247
1118
337
1022
24
1106
663
92
972
351
170
13
162
839
517
381
498
313
196
866
395
31
126
294
403
467
9
481
21
390
191
1224
29
117
1010
595
140
251
350
91
813
166
16
12
382
496
55
682
291
635
1004
152
196
200
4
380
1037
353
513
373
1265
131
396
348
608
702
68
498
1
92
9
283
195
1
389
1006
83
773
981
419
215
259
711
489
529
51
1036
911
101
32
1346
26
1465
602
163
352
298
1196
124
307
1
859
241
752
512
387
277
364
537
13
675
170
99
943
766
62
754
80
299
20
270
199
200
580
774
123
43
28
291
132
282
1
170
81
1067
305
773
158
320
1318
37
376
997
23
63
290
536
90
954
87
55
24
843
4
962
705
237
22
100
159
189
144
46
1028
1070
24
300
108
384
214
703
669
1293
5
1704
164
62
515
304
23
376
82
534
862
465
1249
153
112
124
44
1190
896
60
422
38
43
16
320
148
145
347
555
1145
842
200
188
1208
1606
345
554
58
93
120
101
141
60
152
681
1434
644
106
697
143
250
622
456
32
18
173
167
235
104
1253
581
29
70
189
675
332
177
46
238
188
247
629
195
468
278
1086
214
845
1440
760
245
1088
132
241
541
22
176
297
315
351
672
399
1232
309
42
1177
183
214
2
1386
922
47
390
236
174
634
202
555
695
518
45
456
1052
1356
51
629
10
727
351
565
181
388
194
316
1425
634
126
256
6
98
104
84
259
482
332
119
59
1019
1394
1489
1339
1360
416
476
127
166
427
1018
31
508
838
1352
815
67
417
155
594
129
9
404
32
383
1019
1018
1387
357
757
539
406
500
98
198
58
531
196
221
435
539
629
22
981
1164
119
1718
43
416
120
381
559
68
721
68
293
61
865
84
73
797
314
21
218
679
62
646
192
36
177
747
8
374
1260
241
174
1446
626
734
367
886
131
164
1390
64
415
327
83
11
208
185
107
23
1365
57
436
823
186
88
1582
214
585
617
469
796
261
506
608
187
126
482
193
733
1493
1045
595
458
116
71
201
778
892
1207
33
75
737
24
809
1008
51
844
77
129
474
397
26
23
1441
268
22
584
268
1391
447
1179
825
376
1034
76
619
552
184
301
721
138
4
523
272
4
194
58
628
447
18
575
56
777
213
392
127
930
1188
86
123
735
500
578
168
1018
1136
346
110
741
589
388
595
392
267
7
270
226
316
5
185
125
3
201
976
735
334
563
12
603
11
454
412
40
738
270
18
147
659
1235
65
405
723
205
820
133
35
428
79
348
620
20
313
306
139
448
346
656
340
228
26
565
529
180
77
34
600
1477
917
662
342
492
228
897
713
826
694
1236
16
13
38
78
508
1252
244
1202
112
216
418
830
550
156
505
386
183
190
176
169
168
136
191
538
16
1168
382
638
398
755
396
1169
323
199
255
26
319
1281
594
195
630
302
1439
252
410
413
224
387
217
2
1083
748
13
386
197
605
212
669
350
1246
1032
107
140
680
62
421
171
770
412
278
356
624
191
746
235
554
193
1510
1401
753
537
514
448
718
28
2
166
1187
1194
1193
324
790
72
22
4
133
404
441
239
36
1488
219
551
115
2
928
1135
642
566
1268
987
1699
388
294
79
1365
1727
1266
765
69
94
449
1272
74
429
632
71
662
88
8
415
55
739
191
200
402
287
376
619
496
221
310
57
919
225
640
451
511
29
258
654
176
107
1003
695
393
1041
119
420
7
540
642
339
532
807
1046
1215
790
260
1113
794
256
235
1073
362
909
195
456
148
481
52
67
499
471
254
675
338
39
1448
68
355
243
532
338
834
693
787
324
31
286
272
1036
707
15
728
115
211
1640
286
61
703
327
685
525
42
206
631
0
65
236
651
248
136
253
163
4
22
107
1168
185
1083
1108
198
37
420
532
1151
250
611
7
289
78
426
194
412
957
95
928
200
825
7
255
12
25
474
268
1268
16
479
579
121
717
669
861
3
1186
545
898
145
16
4
21
183
55
1267
176
621
1441
697
1074
833
71
389
633
734
81
649
15
33
358
164
716
68
1229
737
819
350
303
287
553
615
55
204
979
367
57
296
50
20
1026
695
166
295
381
449
1158
276
585
1501
1183
1210
130
291
44
815
1015
156
797
70
320
1757
174
1
1371
171
444
1135
1115
36
1016
127
493
369
1153
520
540
917
167
433
1058
7
146
333
793
24
42
993
402
73
77
1096
491
131
935
1080
67
693
1
174
639
135
95
850
678
598
41
345
1322
19
148
1234
251
62
1184
343
412
137
289
448
82
420
158
615
1271
160
1139
1047
178
865
308
478
1661
682
1415
651
362
303
155
86
6
79
434
243
912
4
248
65
1157
749
445
1285
970
328
67
303
247
827
46
246
376
30
31
521
161
369
180
404
33
258
4
64
686
474
609
32
711
148
1073
341
540
198
332
208
911
1016
616
531
760
243
1613
496
68
442
230
137
1431
625
394
113
822
393
135
171
114
111
28
111
450
851
145
478
430
223
573
112
349
306
178
290
1294
56
377
48
1475
14
165
224
45
1038
495
532
124
430
943
65
1
844
1532
12
361
781
84
356
128
6
900
1211
1409
112
391
61
10
901
402
225
924
181
1649
893
27
945
180
1104
192
206
372
1089
74
283
456
194
52
110
993
1012
986
480
32
668
198
800
120
145
13
1112
177
117
118
1187
98
806
1027
210
45
550
1247
59
13
974
152
288
210
32
283
612
371
989
144
57
841
100
495
838
60
505
1155
134
365
295
296
1518
14
54
454
38
1635
614
989
925
27
22
98
92
226
247
36
302
515
103
323
496
566
1355
283
652
1580
530
986
288
625
16
129
822
5
374
830
206
990
963
74
53
79
310
650
215
1039
480
35
968
534
115
188
29
73
6
256
758
708
192
260
310
544
783
240
638
292
1083
140
100
122
1349
487
122
558
13
167
798
1032
343
524
677
903
742
189
923
93
181
129
100
196
176
41
147
411
332
16
1146
259
27
138
247
341
1186
434
452
108
839
31
136
163
317
399
307
60
807
59
926
128
85
545
142
800
393
170
375
23
1076
2
1664
51
309
71
529
608
1025
201
479
7
1201
214
649
496
466
618
171
158
713
110
1142
565
430
38
73
1067
5
450
48
183
671
127
349
659
175
449
210
753
385
22
441
236
313
30
259
1548
1034
73
82
828
773
23
1512
267
280
421
219
237
1268
209
243
223
32
1630
559
22
819
423
939
178
520
308
404
1139
257
352
541
175
24
815
51
548
622
732
722
130
27
763
125
921
68
50
847
227
344
83
492
189
659
924
112
1082
183
46
22
504
1
843
171
1012
770
83
585
141
31
339
1509
1003
580
234
824
8
1039
872
17
163
1385
588
176
3
59
516
55
258
312
343
519
97
949
3
1114
259
1618
86
83
529
1004
765
259
676
446
693
291
614
75
463
167
55
164
8
944
258
63
494
444
121
932
85
311
596
321
494
81
116
112
1100
800
567
83
572
367
443
62
110
553
1632
301
149
1133
78
174
1521
39
157
49
29
18
60
75
646
220
145
88
349
380
63
164
638
138
1154
97
83
80
685
133
642
124
935
223
792
29
611
7
189
132
200
10
363
552
46
78
759
127
425
453
10
989
314
652
581
201
801
268
944
107
1309
717
858
324
287
946
62
1639
1215
145
423
316
1120
120
958
892
610
623
420
135
355
169
1466
399
650
929
377
819
756
362
955
541
321
205
437
344
663
1281
41
540
1
44
538
15
1177
1229
93
35
160
314
533
229
757
655
315
129
1129
26
639
10
7
174
554
123
4
101
794
19
529
1052
918
625
374
558
461
681
795
207
51
22
201
205
5
493
26
140
502
163
2
62
570
96
761
714
259
130
337
130
102
1047
796
700
881
10
123
232
101
56
488
4
25
293
804
733
41
1505
69
522
110
8
586
51
853
248
311
345
228
1447
486
28
550
334
111
1141
946
68
45
550
1211
126
560
8
647
84
1585
88
174
40
340
38
23
50
448
7
354
967
19
191
1226
325
1620
11
267
588
233
54
1310
5
166
449
63
571
73
380
14
116
181
66
2
519
71
128
134
245
336
148
614
459
826
259
71
101
25
160
117
46
320
572
1422
563
171
519
45
98
148
109
545
155
228
396
219
184
125
83
1099
164
105
40
503
448
1192
143
410
760
464
1526
185
353
492
802
880
1168
143
229
934
682
19
800
168
344
143
29
336
674
62
10
685
473
1009
656
809
737
963
5
12
249
51
157
375
432
1652
85
839
556
283
1295
199
188
44
436
730
57
232
645
82
237
216
794
93
794
200
607
1073
344
774
1329
169
612
37
11
6
1615
621
9
116
266
73
589
619
259
1039
215
1168
267
1222
410
24
759
842
5
293
17
249
17
29
704
201
75
159
397
294
341
393
387
63
32
1023
318
513
567
1470
607
561
185
78
569
1333
228
1063
542
104
688
584
1292
153
97
1384
521
1130
699
71
1647
61
92
458
114
405
689
399
21
611
810
143
335
10
36
672
266
324
222
193
664
58
827
602
869
484
1161
925
573
673
372
468
253
47
386
280
433
50
102
86
262
725
461
380
651
132
1070
620
269
230
1
233
347
67
12
83
776
88
658
91
192
539
1167
245
350
1133
317
98
228
59
318
18
44
199
60
1551
477
486
1686
149
138
1145
1273
21
53
888
161
30
572
90
1131
40
87
24
30
95
175
125
704
915
164
437
1412
93
52
259
266
270
538
454
4
4
1041
676
77
761
9
49
128
263
197
390
982
668
396
71
282
34
814
212
45
475
1596
177
107
266
69
172
12
248
178
86
777
1433
171
290
110
791
550
120
30
1070
63
576
432
467
718
401
826
850
1277
1009
49
51
916
630
546
89
739
600
32
509
779
14
119
418
1376
652
118
263
601
41
369
6
21
7
449
798
451
254
263
13
239
167
23
46
242
1
260
1066
209
1577
1088
45
1077
1048
188
218
298
77
341
162
1201
679
330
145
37
964
459
355
1255
342
1705
813
221
217
492
642
896
338
1020
780
43
265
364
493
450
165
305
1272
69
92
152
430
406
37
46
700
736
457
234
1473
1067
564
288
725
45
135
19
313
15
238
133
739
220
994
425
89
431
52
627
459
263
244
316
512
23
1108
16
294
491
166
116
560
83
1368
358
449
378
105
227
368
164
542
1555
42
83
83
170
1430
798
136
435
665
342
1316
326
189
101
992
91
222
1080
188
860
385
67
109
470
309
895
71
97
181
1470
170
1534
462
306
26
1454
1151
394
369
974
1059
450
1253
463
276
582
123
896
616
161
1392
290
453
791
119
390
176
611
27
816
623
13
532
463
386
193
774
558
1134
994
19
117
853
16
682
422
308
726
251
70
871
130
718
303
461
37
781
576
304
78
127
1111
402
457
521
860
90
238
2
258
294
237
655
616
217
36
82
499
414
476
193
681
436
102
438
287
280
809
1202
632
54
815
1286
218
738
1048
852
1308
174
373
83
763
309
91
1586
859
79
1320
378
224
500
886
361
1
387
503
229
725
253
500
118
639
369
585
31
772
191
1043
116
79
528
43
809
435
1670
788
950
377
1127
1181
150
629
33
1238
105
126
806
37
1044
853
734
228
1103
358
144
279
4
264
45
804
41
292
44
411
95
82
1259
3
113
324
569
133
112
1330
7
247
42
973
334
60
441
181
1226
94
34
4
307
38
1491
10
563
71
80
945
578
1176
349
568
159
1037
514
511
485
79
115
496
896
425
107
389
1070
1050
53
329
1107
1189
39
601
12
880
127
45
227
517
375
1097
351
128
139
53
105
42
459
100
212
44
217
1571
1287
429
722
77
73
62
279
463
370
110
18
638
138
726
389
142
298
83
1344
9
429
266
13
151
40
112
475
807
101
700
38
1224
450
2
131
850
846
59
20
63
16
781
239
371
893
6
701
765
709
1445
1464
215
1326
536
995
52
592
532
217
19
1154
3
165
387
189
84
140
388
1086
1596
267
102
1069
501
398
222
3
200
423
297
155
796
30
1152
41
373
1275
185
113
450
144
503
1356
59
531
186
693
363
1480
837
399
406
104
272
308
744
314
569
856
1192
32
161
200
725
239
135
843
692
2
13
693
35
300
813
283
242
218
320
94
124
15
388
406
546
744
186
1783
82
299
25
1225
412
189
454
526
578
596
349
528
799
1049
212
144
759
1137
98
84
706
1309
92
48
498
595
221
107
6
151
657
887
1103
869
255
166
168
208
534
1366
32
562
621
1380
603
564
966
120
722
1272
418
336
242
114
646
135
567
682
9
670
62
67
359
832
669
1210
2
151
6
321
284
657
1497
176
1630
793
134
591
973
1087
1011
456
1121
22
267
48
200
81
429
1527
11
863
158
716
1028
512
356
280
544
141
498
77
1277
862
1551
171
734
136
1157
54
922
950
45
562
735
134
673
324
529
86
509
797
274
1067
6
244
818
299
568
620
169
876
12
376
1275
1495
105
24
98
19
900
144
162
1245
1440
629
216
382
31
99
114
808
7
1
222
222
611
867
821
931
951
11
695
286
538
77
67
107
507
31
77
463
402
77
681
265
81
330
997
323
18
279
1354
178
525
302
88
578
1236
226
4
20
55
1506
242
605
300
471
174
147
649
5
248
178
33
294
430
1574
167
1150
202
635
634
38
270
1536
723
280
610
754
1583
828
3
1096
616
529
1238
75
427
550
909
989
147
918
150
300
151
1642
32
360
83
11
210
604
2
68
712
1549
722
1186
7
438
58
1055
536
120
1196
849
416
173
89
1126
344
64
59
400
56
471
416
395
125
1384
88
30
590
182
475
584
37
87
49
1019
1140
743
938
39
36
963
240
1063
20
1020
716
90
200
97
452
413
442
5
870
1415
487
1015
281
102
217
673
517
1010
825
28
280
276
234
321
1531
9
294
19
24
448
229
3
1235
509
493
341
370
15
439
14
1033
140
848
445
863
739
1032
1055
54
335
799
1389
608
141
1126
309
34
91
325
105
760
184
1436
65
2
907
137
936
588
1485
726
787
179
1142
1660
1498
52
546
45
1
406
3
485
936
49
1405
559
722
465
841
129
385
273
137
676
17
476
991
51
171
270
633
1108
235
929
8
1432
368
699
518
729
55
1255
302
701
233
670
143
1123
78
1484
33
185
941
86
547
67
86
1002
244
9
755
767
259
1531
24
706
985
1001
1077
615
53
1258
707
1042
918
191
390
675
195
34
171
1682
22
64
229
250
64
1612
102
65
803
190
880
570
536
428
1238
48
766
125
105
168
551
41
46
68
645
593
15
137
392
655
31
656
1275
710
85
1781
182
4
1539
1302
78
122
866
296
1317
182
31
360
1
109
188
313
450
137
90
293
48
819
118
119
1139
206
6
280
1320
531
514
171
603
756
992
581
1079
189
24
92
1081
563
879
342
224
167
121
214
394
106
306
123
238
682
289
513
467
649
958
122
303
348
448
640
33
42
565
349
40
294
598
1119
247
88
9
151
22
216
73
59
423
79
1013
98
411
879
47
302
206
346
296
1568
492
571
253
603
189
159
982
187
7
1172
14
354
43
522
382
1538
144
367
290
259
621
286
160
1231
882
34
271
1439
120
178
76
360
602
326
14
418
786
1412
282
689
721
1102
461
304
138
506
34
112
129
30
639
112
140
314
1001
436
148
34
213
323
1114
131
531
444
14
314
931
407
626
28
304
782
969
181
654
401
978
1250
314
517
153
22
446
545
445
504
907
774
881
1
366
783
213
636
186
845
82
48
168
876
494
1393
42
242
483
431
524
595
500
277
53
590
19
99
18
899
354
445
161
24
1507
1502
69
146
1028
8
631
54
41
126
745
341
1124
87
131
26
207
734
236
937
503
40
872
486
366
1147
1129
944
353
136
453
162
718
64
223
227
872
299
262
418
231
4
1724
521
264
14
395
55
140
1098
1089
228
913
184
539
231
507
566
698
21
302
798
64
478
500
565
237
836
1065
962
342
424
758
1189
81
12
859
527
625
1135
696
218
333
673
34
195
163
745
7
711
486
394
1173
24
1022
793
424
594
146
31
41
50
911
951
720
161
329
886
364
1656
669
151
971
82
276
13
262
1658
29
1387
1368
149
737
254
99
407
23
1034
291
902
1439
489
45
12
34
25
124
1308
866
789
783
307
69
799
172
228
77
600
563
1390
32
834
720
482
240
685
444
502
481
52
17
74
356
216
1214
588
1179
732
160
35
624
222
1124
138
69
74
1393
304
29
381
82
68
326
167
48
202
300
984
837
1078
717
138
13
977
912
639
543
570
779
188
955
347
447
111
87
62
136
760
1639
256
933
114
46
77
97
429
424
29
132
763
151
1026
493
521
825
1145
54
967
567
478
266
65
38
49
1255
425
276
479
624
193
235
579
255
1140
111
56
20
172
725
46
1254
19
384
1230
236
4
455
890
772
467
182
223
84
146
11
161
1501
252
82
526
672
52
200
106
107
453
372
1144
254
270
1086
944
519
1317
967
1133
102
134
330
238
694
257
632
287
1290
65
77
19
1109
453
151
3
826
968
300
680
58
1311
197
1127
40
251
805
376
762
539
105
44
953
739
526
82
51
1068
96
940
640
89
542
297
344
37
217
4
231
17
170
257
341
440
1661
346
67
636
131
248
152
277
229
987
474
639
646
46
642
25
52
708
321
261
38
979
724
406
1467
10
294
1446
744
384
350
238
167
212
860
1143
1337
159
139
532
62
887
6
73
358
407
33
75
295
128
880
342
6
1190
113
379
490
198
1019
10
116
47
231
198
237
919
36
181
608
12
1733
37
490
595
6
45
261
6
541
368
473
184
186
381
670
141
419
13
341
373
387
316
257
766
63
79
665
141
17
239
1085
898
10
176
686
472
360
262
1631
482
525
13
1280
23
289
360
190
24
10
220
741
1
461
206
183
445
93
924
260
751
236
215
1476
484
254
416
235
457
24
847
376
793
42
64
606
55
1211
757
103
17
452
959
791
401
1130
598
493
366
114
901
2
92
415
446
181
633
1142
1228
64
323
16
1429
414
373
809
158
71
136
603
792
74
415
462
510
506
253
144
454
635
754
66
87
44
385
165
44
529
71
35
167
443
32
9
292
196
606
296
164
223
971
198
1092
223
687
728
27
10
221
1513
772
210
386
1184
1064
1464
545
121
452
46
542
757
3
3
138
77
1272
561
960
232
568
941
484
353
1614
178
357
57
431
6
352
64
222
138
149
383
287
15
214
4
243
130
202
39
767
1302
957
223
169
137
877
58
178
538
1068
1268
308
86
306
468
784
155
1153
219
753
408
71
14
361
313
236
585
46
16
517
11
1581
1721
112
173
275
1061
427
204
701
301
630
559
1174
111
618
398
110
1132
181
16
575
104
1350
811
908
980
1595
90
23
871
3
1006
395
276
50
326
519
545
77
45
32
4
42
9
107
841
307
48
80
98
167
350
93
101
625
534
365
441
13
4
852
114
218
362
15
22
448
378
682
136
15
136
965
1060
342
211
806
1035
1064
563
1016
511
349
956
713
1316
904
223
398
1581
484
664
196
1101
927
26
50
124
316
522
830
41
178
124
389
562
656
114
36
210
480
448
499
860
677
189
265
775
780
350
641
652
260
420
514
342
461
365
20
650
893
75
19
971
1121
169
863
277
210
25
119
374
548
183
35
372
1138
15
239
532
353
43
456
533
111
426
595
1328
64
687
184
212
1370
177
114
292
46
493
120
855
1311
93
1081
5
672
680
448
18
701
1334
646
240
154
839
30
440
55
737
241
676
686
371
105
48
429
389
592
209
1006
729
269
84
487
1229
100
124
204
243
77
139
23
1449
36
180
4
69
681
601
440
43
74
241
379
682
52
390
480
779
171
60
828
36
348
290
50
230
694
997
369
170
307
73
518
634
674
258
350
122
469
1039
1614
290
1153
692
1235
90
80
963
69
622
16
12
748
129
1031
407
45
8
25
116
303
5
388
104
234
988
86
162
9
4
197
18
31
1010
342
237
942
264
475
94
144
168
3
212
439
271
21
389
65
1137
600
48
1139
624
89
338
1687
1665
126
350
620
86
60
107
822
234
168
225
63
785
970
203
388
358
399
358
74
141
643
104
49
90
1496
350
11
487
264
709
244
750
283
174
82
877
1244
1189
334
135
352
430
150
83
1003
1700
936
361
569
108
801
5
1046
337
52
376
300
54
819
122
1463
397
245
649
27
449
982
738
553
77
259
661
495
116
58
190
243
834
934
800
1633
122
257
1220
384
672
438
9
337
1073
510
59
19
1459
241
410
117
412
545
105
135
398
493
406
583
308
1691
4
360
451
336
706
196
859
19
1010
333
646
72
311
100
195
485
410
436
1453
260
1114
241
554
1379
411
338
1
392
815
1152
56
243
743
2
97
433
139
497
12
1499
987
215
32
108
488
285
868
1286
14
1426
861
50
1442
301
658
456
646
184
62
830
207
170
602
1447
388
1477
579
54
1019
184
620
397
416
1155
77
494
266
1011
1246
615
532
176
1617
60
574
184
129
407
247
127
562
400
856
400
78
476
205
739
29
5
22
61
522
174
1245
604
353
447
455
31
445
1040
815
1028
5
1452
962
147
891
1433
26
995
458
97
395
568
171
12
247
73
223
99
416
488
1583
419
1
533
368
482
566
127
98
11
79
327
70
225
1043
593
843
1040
124
1514
26
72
794
182
1138
562
873
7
292
773
376
89
378
727
354
832
11
520
277
49
116
209
556
876
520
188
745
367
527
123
670
397
301
20
477
1013
7
659
530
137
1048
420
153
43
1434
798
6
893
393
289
498
95
15
766
140
35
953
813
12
517
398
58
87
833
668
1057
1
26
1021
876
1119
435
216
1067
885
1401
371
182
592
597
643
1676
285
23
1395
90
599
276
547
811
375
918
1385
297
996
656
361
198
2
2
1349
263
60
210
272
82
527
250
21
550
48
897
157
211
437
41
270
214
224
33
157
415
1
13
533
163
61
17
1135
6
36
234
19
1068
435
872
35
160
733
332
1126
15
205
1
98
824
208
373
51
68
867
514
139
617
32
1244
25
276
10
280
453
52
9
93
994
19
231
62
167
29
516
518
945
432
943
462
74
39
1047
502
212
1364
55
105
339
291
15
8
650
216
202
768
538
392
558
783
766
433
1436
859
417
244
145
793
562
1062
46
78
614
1010
301
333
784
7
1025
488
686
5
695
780
120
120
489
303
169
309
888
106
435
13
10
257
506
78
293
482
851
183
691
220
267
577
846
3
631
244
351
268
452
541
622
1256
275
57
1406
713
748
61
720
598
160
314
27
1204
388
31
195
5
217
282
843
498
174
273
366
1
236
1265
1019
18
1047
457
1064
793
167
1456
527
113
752
195
843
253
665
858
752
1298
202
87
334
768
346
215
97
568
1475
50
152
918
680
1
86
348
1313
712
69
513
1
288
1011
95
842
557
153
802
114
88
732
172
138
930
236
519
744
641
42
376
499
357
656
167
1057
922
436
96
812
208
89
433
254
145
1207
274
717
724
148
695
1562
720
39
181
207
370
918
445
379
1
1535
985
630
71
48
148
12
140
46
1112
464
791
336
625
382
12
1048
326
235
24
378
241
27
46
1733
121
442
530
149
994
398
256
10
75
435
616
406
236
314
1358
508
568
110
201
1387
611
78
307
1597
266
1373
809
814
8
188
13
208
559
464
992
496
563
337
174
47
533
406
921
1433
740
271
961
36
613
117
719
149
829
49
1586
407
348
1495
767
91
840
187
14
241
253
621
1459
16
1030
725
387
30
600
1616
146
85
242
76
617
237
546
18
279
89
12
542
190
186
286
703
453
1
617
1002
371
40
286
137
861
22
63
43
807
87
1330
126
1435
1239
19
64
1373
105
178
175
816
324
141
186
149
199
249
272
596
465
1027
586
623
515
575
30
613
109
423
291
230
180
808
1466
430
670
1345
78
243
257
692
581
326
1142
540
248
655
118
416
1387
954
269
280
328
90
745
194
206
261
276
120
692
91
709
75
715
1485
660
8
288
18
26
192
176
364
861
175
127
1330
6
533
769
159
207
1196
289
1362
326
60
975
1710
1449
95
1106
801
410
113
80
1071
206
64
62
997
343
520
152
1636
246
383
156
130
173
718
205
466
209
540
808
299
773
1
150
161
7
28
508
266
77
10
158
245
168
54
304
16
225
812
304
978
841
956
28
23
28
276
1036
167
532
10
569
440
172
411
212
1026
44
543
568
253
5
617
368
296
179
39
138
53
451
200
126
185
187
1327
1365
407
310
284
83
60
664
26
594
916
274
74
124
179
1287
97
15
640
253
23
140
641
651
72
365
624
275
77
337
68
293
56
17
1100
293
847
674
807
14
23
160
30
105
561
254
10
796
749
21
618
1463
809
496
695
996
690
1093
559
468
76
293
727
421
339
192
26
261
289
103
663
975
1067
216
498
371
191
2
994
1632
183
1703
729
16
1154
420
152
39
357
89
93
1449
1013
1397
22
219
1
307
307
312
6
2
1354
170
1003
907
339
416
614
46
45
317
560
1314
378
405
1175
92
39
2
1358
163
1385
74
212
19
844
40
157
361
188
738
798
522
885
291
879
259
324
21
61
238
12
210
802
286
524
1107
323
177
107
594
289
1047
353
61
331
927
729
306
169
55
23
464
701
69
27
289
305
192
985
153
304
1045
620
295
580
449
200
234
960
44
62
685
18
894
92
740
61
825
659
139
121
263
1127
441
50
319
391
307
33
1384
134
357
1479
76
572
32
93
860
308
36
1416
453
692
257
961
89
882
1479
204
1276
605
157
130
435
664
1130
15
1494
57
300
416
554
372
348
729
7
1236
65
557
47
69
317
56
135
51
938
431
1209
1132
822
504
3
606
1081
929
531
123
18
147
105
568
61
914
458
3
21
777
104
1059
494
64
35
221
108
205
12
460
823
64
137
1032
590
297
178
336
973
341
84
656
902
423
382
93
995
1201
1512
30
472
926
283
194
396
43
324
284
67
333
253
277
727
377
314
876
817
1487
646
257
8
233
115
309
1032
1234
560
134
111
400
59
237
126
1708
212
91
338
398
931
1427
39
95
260
895
26
870
640
724
1
605
213
1060
175
55
470
498
76
168
1314
684
446
1574
1130
122
76
371
473
65
585
310
290
515
62
875
29
44
996
106
222
125
174
216
422
99
1678
259
71
588
146
881
84
987
478
100
1060
1
1324
6
61
52
1196
483
474
68
216
50
274
276
123
751
534
393
47
37
266
113
429
1420
499
185
437
252
353
960
1336
421
676
146
1752
30
617
27
151
103
150
14
24
1589
1076
77
58
120
140
971
489
783
767
473
364
83
712
1340
80
73
117
12
1321
120
2
182
753
575
189
1373
1069
1295
140
175
55
358
102
111
741
126
130
329
415
13
72
384
382
317
1200
614
264
1047
136
996
1620
1184
673
21
12
477
62
439
1025
321
361
60
156
32
9
62
90
23
813
315
116
1249
324
1182
171
1150
169
697
160
478
637
518
465
2
472
115
394
968
35
77
61
1495
1024
261
649
1320
216
123
532
321
787
64
556
1337
72
1498
571
3
252
619
40
1062
249
735
483
844
282
616
66
325
11
303
243
126
227
758
431
1385
567
248
179
1412
77
27
30
72
1051
244
436
143
521
740
41
56
82
56
481
65
978
949
346
177
178
331
39
968
194
714
29
375
1326
20
12
1134
501
198
67
790
805
90
99
730
284
185
544
38
461
88
810
309
152
388
59
204
26
816
181
193
1158
176
1307
54
102
374
1021
440
341
91
257
1
64
527
79
1323
103
116
270
104
1360
1197
40
12
11
151
352
328
677
309
4
612
631
307
99
642
380
44
70
194
134
650
593
1283
27
193
87
1353
78
209
137
1238
446
136
11
233
169
883
376
92
84
208
252
860
690
77
750
68
162
104
32
537
11
521
352
981
572
218
396
130
11
1153
16
111
467
767
651
228
393
52
916
1140
65
892
112
931
4
407
1242
939
22
254
304
58
562
352
685
823
234
412
1284
1254
83
1179
377
180
190
111
77
7
1176
1445
106
10
13
227
186
1157
655
29
706
579
162
549
355
895
849
106
274
68
316
978
396
490
275
394
385
503
207
86
4
220
438
1635
23
81
405
708
14
189
765
352
164
1210
226
895
180
643
169
242
234
323
353
73
106
98
126
212
17
657
212
430
229
40
581
499
1025
773
74
40
16
139
609
71
311
465
56
1444
159
577
131
11
232
404
1611
618
1545
111
267
97
592
1267
76
339
5
1333
1091
319
1160
1667
4
1234
778
334
166
222
390
675
243
723
37
298
311
622
25
928
822
775
1209
741
551
61
448
534
261
102
289
196
360
1026
476
311
1185
11
1247
224
307
39
741
707
144
571
250
74
1157
560
660
236
36
847
876
52
1524
1478
193
112
208
31
793
262
284
633
277
195
2
12
290
960
51
600
276
851
44
106
121
283
20
58
382
681
18
757
326
629
395
161
582
160
516
202
723
1328
1213
55
95
329
428
233
1138
685
72
170
209
461
999
1410
517
628
179
464
295
86
1003
1075
331
1176
117
317
397
60
504
208
4
17
719
1105
125
435
1320
643
764
126
1044
193
351
497
48
826
31
694
509
548
155
339
42
361
688
175
1023
573
404
206
274
547
346
198
796
315
182
99
122
672
373
299
583
319
523
227
326
5
5
407
404
12
660
29
87
313
448
355
204
28
806
487
277
1338
101
265
335
39
255
1370
1004
191
117
43
286
109
1037
198
17
272
1007
46
77
393
68
138
365
30
917
6
806
1415
201
47
229
850
413
1057
151
330
173
7
1297
888
663
31
796
28
576
226
569
952
96
1020
908
275
1644
679
344
185
20
170
454
125
49
11
831
292
168
388
130
589
322
65
412
335
49
493
493
380
80
183
330
692
164
909
656
19
76
564
114
592
1033
226
498
604
1433
1187
120
438
275
269
1333
1534
137
620
107
83
118
799
1206
86
27
242
70
854
96
449
954
320
566
542
120
645
864
527
652
124
432
423
735
1033
118
405
853
119
50
106
390
772
68
350
606
654
311
1243
794
99
435
1781
140
151
1014
261
147
70
235
249
20
182
22
880
509
147
428
136
669
31
404
566
164
1
1385
203
629
15
123
1054
479
359
157
1399
337
827
398
152
117
33
128
158
661
661
156
120
174
163
800
25
3
224
1510
176
643
157
456
94
68
777
25
483
993
47
718
985
321
93
272
371
43
62
753
18
1613
209
22
583
61
370
139
801
36
741
458
1472
1218
1492
398
981
448
168
414
121
23
269
331
1407
177
1022
372
108
156
1096
206
634
37
4
1695
615
185
539
463
965
144
193
1341
1339
289
586
80
212
665
547
685
421
798
1067
89
980
526
54
357
240
781
204
584
186
565
683
456
22
693
262
543
244
154
59
1531
728
105
1149
635
321
571
702
396
51
299
4
604
963
72
189
82
960
387
203
335
112
134
1177
165
576
164
329
772
225
209
93
1478
755
241
101
1521
21
11
115
143
853
695
479
79
148
50
596
643
840
406
245
332
903
296
456
553
293
880
441
782
53
95
963
867
570
132
265
1642
732
86
254
19
648
205
299
280
148
849
190
17
1314
429
317
317
1077
89
7
231
397
1334
134
72
1640
46
427
79
488
784
363
271
424
376
763
68
158
57
97
414
821
643
744
433
517
525
934
84
27
474
152
47
304
751
33
777
140
918
180
195
139
51
740
92
922
1441
834
126
546
9
35
81
980
105
658
20
578
11
355
361
363
627
862
458
393
1245
307
522
143
495
445
94
30
1344
208
686
648
510
103
325
68
226
195
55
176
152
324
867
117
928
314
1451
114
25
142
1134
237
168
206
584
1595
125
155
673
1572
991
1336
1260
309
152
1362
565
124
21
354
20
521
24
1107
4
20
445
613
388
348
114
9
1088
1116
210
241
778
646
215
388
152
471
404
372
953
51
54
569
6
1649
275
110
426
304
134
109
33
252
31
170
981
38
228
1660
73
985
1387
308
187
235
776
766
625
35
393
91
100
260
465
12
1175
516
200
781
135
834
220
195
298
140
216
170
472
455
537
1686
137
164
893
153
522
254
1046
132
431
1091
809
739
83
1135
657
103
27
449
1215
25
435
254
222
534
5
689
389
100
214
38
64
261
328
108
255
429
648
725
36
764
267
80
717
72
172
169
752
1036
357
786
449
605
1276
750
175
422
652
627
412
91
882
83
916
640
71
1499
689
153
287
705
59
1191
197
251
889
491
397
793
92
416
245
1034
264
963
230
603
8
1458
587
11
504
26
667
45
120
33
1256
40
108
133
192
223
82
935
19
883
736
1766
704
375
37
772
476
379
14
44
922
848
485
832
462
1252
254
1171
489
1270
76
872
211
72
1656
1321
3
1247
937
230
1243
95
682
267
54
132
3
272
165
1305
782
408
135
4
152
831
165
216
547
1021
100
1183
727
245
18
11
1391
14
274
1345
662
13
1290
400
38
108
332
379
310
301
409
1309
25
122
752
397
187
229
217
86
1077
338
1429
115
413
1089
1003
1714
46
102
1264
152
602
835
109
1339
1107
62
1459
221
7
44
783
624
143
1316
803
623
303
250
920
777
457
277
181
140
67
27
1303
1026
480
354
170
69
173
708
504
67
87
208
374
1247
101
621
340
1302
544
140
360
131
82
35
615
375
312
616
25
480
334
106
89
268
1409
752
246
66
338
91
544
103
300
839
118
1101
656
685
176
117
159
1236
116
132
364
397
16
597
415
982
119
847
499
266
127
78
1087
67
176
549
86
554
241
113
87
112
952
1129
203
125
296
417
208
1
1194
1263
726
1036
43
39
304
1618
1029
190
896
79
168
940
190
36
489
450
2
104
690
824
331
54
931
1657
1453
501
112
799
1568
1334
89
409
212
155
666
144
50
184
39
1499
1203
224
1092
24
545
793
515
1086
199
840
533
71
502
399
1044
586
97
995
863
908
138
727
199
277
22
315
853
1275
58
840
664
496
33
1629
117
311
1314
1255
184
114
21
1206
37
214
34
230
724
744
844
237
134
19
1
843
492
699
653
1082
115
349
886
1146
168
174
442
190
361
811
68
37
222
1016
1006
296
343
689
697
496
549
129
803
509
401
237
262
1205
79
378
670
538
59
449
412
424
250
362
1298
437
118
614
954
675
7
477
192
646
122
581
111
830
870
918
333
1338
72
798
932
881
56
508
331
614
165
496
189
1141
1347
43
28
1318
79
441
582
494
1081
1190
997
1116
1215
117
64
612
62
19
251
335
528
141
801
36
323
544
733
238
30
132
34
537
1065
606
787
445
179
1623
74
703
349
464
130
977
79
124
145
28
717
729
58
20
75
814
1652
110
112
293
123
137
108
54
598
360
450
208
163
536
1
200
1662
215
441
121
209
470
58
607
659
105
1284
69
18
381
1186
194
537
1285
1024
74
102
986
83
986
47
187
24
450
1397
865
400
1319
877
273
280
196
995
36
1300
64
1551
165
54
274
901
899
77
1218
911
26
478
754
78
1541
201
290
175
71
3
1477
338
17
666
1557
428
354
1389
4
15
851
95
4
42
225
1366
685
900
90
835
294
121
614
368
645
46
263
227
961
723
226
15
518
435
5
209
233
1255
504
463
16
571
567
102
89
982
795
156
304
1106
39
43
50
343
789
246
84
1029
365
295
259
916
232
611
1276
29
19
27
4
1268
19
253
390
1
1372
681
1372
264
1096
45
217
1083
539
154
331
1678
478
53
54
557
151
308
52
145
1236
125
264
831
167
255
80
1236
239
574
843
385
941
886
658
208
124
380
1170
1306
394
1257
133
7
230
134
67
540
478
295
250
35
10
