445
527
237
149
767
103
801
125
432
456
234
377
74
10
44
636
811
158
532
53
232
157
949
817
1149
79
110
118
787
230
68
446
137
418
55
28
111
832
56
363
506
405
43
251
97
100
608
802
127
568
537
402
1114
233
537
668
812
5
83
3
1044
595
743
119
255
328
454
62
6
292
555
46
24
402
438
198
35
420
136
587
12
311
439
234
10
146
14
56
1
151
172
150
61
270
75
79
238
66
176
286
287
7
266
528
245
800
376
216
730
141
560
349
346
542
164
833
271
106
835
481
373
249
641
1085
370
117
585
527
155
150
1
122
881
5
465
153
360
143
77
77
61
525
309
1059
56
129
23
341
216
540
835
247
1094
80
33
197
318
149
22
483
325
871
316
21
319
7
743
42
232
375
85
381
5
98
132
129
626
222
48
322
24
67
585
342
460
395
132
20
738
597
0
114
879
726
274
516
78
946
17
58
108
23
153
616
35
591
457
347
183
155
159
910
829
394
198
544
633
248
12
103
300
832
34
889
1178
185
277
375
90
128
581
777
305
418
112
25
365
449
9
271
471
138
236
345
191
149
1066
154
494
928
185
787
115
441
739
914
23
24
10
242
295
662
607
63
621
41
298
592
142
792
88
335
38
112
171
53
608
270
116
88
557
335
2
92
57
191
480
168
341
774
40
39
403
755
89
104
158
69
555
442
248
811
118
389
136
134
18
602
19
428
33
3
266
18
170
742
175
516
560
644
1131
1
214
65
63
34
468
0
303
74
29
501
12
77
17
279
60
1032
117
978
148
124
368
684
638
403
61
546
21
222
824
436
242
76
11
15
16
257
251
55
257
16
67
6
425
14
496
679
779
323
687
520
148
293
523
655
495
336
283
574
240
196
135
401
362
57
554
345
566
275
147
245
168
158
369
254
93
351
13
203
425
332
24
467
292
851
413
24
53
135
59
291
784
82
31
597
104
104
441
561
142
866
112
184
213
228
629
145
707
77
256
474
23
137
5
488
150
450
765
635
21
16
194
322
894
821
58
148
225
374
466
4
31
437
345
2
1026
90
261
818
72
24
114
329
582
345
12
251
300
230
164
41
293
179
262
78
460
508
254
140
141
722
394
69
588
458
458
110
594
480
183
260
13
358
10
104
635
793
657
342
400
127
356
643
2
437
649
16
21
4
71
190
217
198
418
967
508
673
211
4
99
611
4
556
144
368
809
430
73
64
217
575
645
496
200
70
248
4
39
140
175
44
853
9
97
4
742
34
90
706
859
159
751
145
331
441
46
126
101
216
610
287
49
185
1
1091
799
762
180
6
336
120
12
212
500
143
54
122
958
425
703
18
312
254
181
102
88
855
116
148
523
122
598
472
394
72
41
81
87
20
2
953
33
76
38
125
526
434
293
108
37
721
303
777
508
5
162
302
808
589
199
42
33
298
34
788
385
35
107
152
1154
73
101
947
648
1
206
32
64
334
202
221
290
192
10
276
329
12
84
528
100
322
98
162
135
50
178
73
181
448
173
1034
585
212
179
977
257
278
525
206
234
458
221
622
304
39
79
19
341
182
53
652
422
559
50
189
622
155
157
284
948
137
12
11
185
78
474
194
77
45
429
329
49
88
473
718
287
135
115
30
29
388
19
605
432
16
83
410
152
247
134
567
177
861
493
138
269
262
265
1096
9
212
32
466
721
128
75
20
67
466
354
32
1074
138
182
488
699
941
84
272
451
39
39
15
297
64
54
70
566
1176
89
655
287
391
55
440
160
57
1077
628
615
82
1154
782
154
58
196
72
241
238
724
465
526
520
153
537
6
884
130
90
103
625
82
5
539
481
20
3
368
191
85
533
497
331
666
770
919
173
186
33
64
923
24
276
62
464
347
61
113
380
152
70
191
186
445
52
19
439
336
102
397
123
137
697
331
39
912
38
40
1098
317
256
784
216
248
181
666
210
463
110
394
58
628
417
401
381
399
249
37
401
38
39
167
698
593
41
297
723
403
308
324
238
240
200
269
301
668
199
74
13
508
526
707
162
111
2
206
27
522
482
46
573
137
398
339
445
506
1174
224
601
320
97
192
8
159
744
413
145
412
377
103
96
672
208
349
590
1085
157
139
421
66
8
452
976
20
137
143
713
396
312
527
235
460
101
235
350
87
448
501
88
309
46
169
1
267
29
1035
104
685
11
406
69
516
25
36
766
928
49
927
134
447
925
319
41
0
581
80
443
11
263
80
77
84
381
920
640
24
360
69
19
127
754
760
710
760
62
545
65
456
27
779
377
930
411
298
514
370
989
144
46
63
479
108
92
150
3
439
217
42
519
289
435
685
528
367
68
6
55
36
20
614
469
196
292
347
106
13
67
79
505
503
425
698
155
847
300
234
33
775
161
318
931
92
7
690
442
256
884
573
19
223
664
39
307
610
140
91
28
887
40
322
760
93
176
614
814
516
162
254
614
120
201
160
340
38
467
500
217
332
142
103
646
459
413
934
307
303
532
280
680
611
16
824
374
328
604
19
514
157
14
38
256
78
324
767
255
196
313
985
922
262
148
120
54
178
111
63
375
505
15
24
144
10
38
332
887
145
470
63
548
103
95
65
142
340
45
26
353
79
149
16
68
232
3
8
286
596
148
183
363
245
727
7
338
357
1
119
526
92
13
202
157
804
491
115
1146
88
2
61
367
940
146
488
354
44
253
169
330
291
51
840
84
741
753
70
53
75
223
24
82
18
17
45
43
265
885
443
18
67
23
370
84
890
91
29
422
410
471
416
794
807
696
572
73
640
44
52
747
231
166
4
672
106
500
16
194
362
708
43
94
627
382
289
5
470
363
794
137
340
357
290
189
834
187
309
237
238
350
37
280
11
866
214
700
908
47
81
143
46
13
2
491
47
39
22
651
24
452
394
431
91
484
463
264
136
444
44
29
87
109
122
537
907
3
165
228
61
333
674
140
327
840
104
660
248
58
12
191
45
91
89
251
68
355
337
140
353
29
217
177
231
832
221
144
352
35
937
465
200
91
326
349
721
135
507
206
172
516
126
132
38
220
42
1017
635
43
455
247
1053
294
97
410
307
268
101
964
85
161
64
626
48
938
408
162
193
47
731
275
102
146
185
47
134
784
489
10
300
2
271
681
38
306
397
424
27
246
232
250
169
149
449
16
68
222
180
409
9
179
10
185
856
765
499
202
265
336
7
9
910
161
611
233
215
24
318
6
563
115
372
539
444
838
95
393
41
66
18
32
401
600
149
181
191
219
336
176
287
154
598
600
119
981
349
57
693
351
134
462
9
502
268
216
17
908
295
278
317
335
43
59
82
38
331
391
316
558
524
520
214
615
226
522
274
59
558
531
210
301
1037
9
493
598
445
717
529
387
241
118
313
593
433
196
205
88
3
203
368
96
221
10
215
285
517
752
47
425
116
241
6
368
59
649
414
364
268
738
78
877
170
488
61
901
432
1046
384
5
53
196
235
1
624
758
124
806
100
458
64
15
197
799
185
161
30
577
807
150
135
34
127
66
388
324
250
420
24
25
80
223
268
507
235
158
1082
552
133
698
106
759
283
97
44
627
8
448
234
159
439
368
197
187
16
190
95
101
164
5
16
39
36
140
128
918
355
381
99
1
195
164
25
278
283
687
42
98
386
43
156
85
645
52
592
214
267
60
45
223
56
861
629
191
250
361
234
22
257
500
107
151
187
26
89
80
130
36
228
851
22
391
185
867
673
913
21
391
369
60
871
1128
108
274
261
212
613
556
441
17
55
35
456
549
85
640
749
575
84
522
99
2
43
367
35
539
291
39
140
17
1123
199
705
230
160
672
149
534
167
119
500
135
298
22
1056
150
59
846
847
33
8
51
149
271
620
450
830
58
36
184
554
96
124
228
87
52
349
374
804
658
68
378
349
374
759
685
99
233
416
609
10
228
1084
59
37
823
446
188
517
42
280
747
284
228
269
268
354
78
310
175
286
251
1
270
92
225
195
386
1090
173
2
33
99
180
213
19
132
204
985
423
300
1
222
254
47
162
143
735
204
1
197
59
1052
111
343
56
271
73
73
85
390
39
753
639
462
12
234
287
653
94
281
130
171
2
38
6
49
128
383
20
88
49
270
524
40
381
349
581
140
425
393
126
98
29
11
160
110
178
483
67
13
549
180
54
90
418
302
241
19
813
338
100
122
233
210
226
866
307
378
6
164
207
234
249
212
62
178
171
102
1113
2
872
49
277
131
721
87
273
20
549
346
45
447
467
261
148
64
26
614
358
437
942
900
403
228
597
620
838
476
225
183
545
519
266
199
136
527
254
176
717
536
392
475
90
239
122
485
169
40
91
851
89
175
392
609
287
1001
1056
19
133
106
210
131
502
150
433
230
314
868
331
122
239
687
316
137
10
377
568
646
97
279
358
132
16
432
91
340
249
811
441
296
87
466
170
227
899
221
84
448
222
23
217
557
435
640
49
334
648
227
281
528
222
20
298
142
497
549
102
531
75
244
25
189
95
499
234
531
404
4
12
447
9
202
491
81
10
348
353
156
147
48
68
146
18
234
941
741
84
159
498
181
274
24
566
496
187
780
16
524
700
402
285
60
3
308
38
407
237
942
11
105
196
229
85
1003
265
16
82
302
535
655
591
5
439
195
307
13
43
83
57
1038
531
137
533
111
220
50
401
397
200
827
348
397
389
255
102
387
735
43
517
253
641
383
757
113
792
48
391
131
458
430
392
536
182
145
18
147
44
342
670
87
24
293
41
674
68
629
210
207
218
141
26
226
246
123
99
150
253
344
119
230
69
365
8
288
6
240
38
705
304
1030
946
685
12
366
646
126
229
125
18
64
680
197
69
19
783
43
484
158
272
66
310
324
637
554
522
94
109
214
169
1098
84
961
50
41
17
355
487
363
271
166
671
455
302
25
322
836
1011
165
378
46
22
268
115
905
207
1196
279
81
144
4
498
979
49
238
439
840
118
22
47
496
532
732
3
72
258
177
901
705
66
0
1068
250
486
374
284
770
411
699
240
111
696
20
22
690
51
672
58
520
28
896
684
346
214
895
15
293
124
8
595
1082
416
153
75
55
46
289
60
39
340
178
4
12
222
3
496
85
277
165
15
54
432
343
944
183
8
371
895
42
101
296
71
103
421
42
153
197
363
387
104
59
49
19
375
289
15
260
729
434
37
36
6
238
362
875
311
450
168
117
541
633
51
507
29
680
21
331
95
115
614
144
86
931
229
906
489
747
52
87
320
457
328
417
581
198
520
133
1031
581
174
2
613
315
36
113
161
357
226
182
300
769
357
844
218
17
62
108
264
75
799
8
247
48
97
31
112
624
5
460
651
568
87
24
984
1016
37
669
741
19
143
802
222
2
1048
269
148
123
627
921
680
25
670
139
427
497
43
486
14
58
50
121
646
58
67
136
226
63
11
491
491
890
768
40
525
213
407
540
642
5
309
53
450
271
334
173
100
30
559
1032
597
70
24
63
288
326
59
1049
162
608
343
30
83
418
309
698
292
585
31
0
41
217
327
465
362
1083
258
14
67
20
81
658
239
60
524
435
245
150
23
239
697
181
266
1063
392
208
246
294
157
322
639
338
51
110
787
177
496
757
6
218
648
184
1037
890
444
488
47
828
38
180
92
195
48
719
45
0
480
360
584
266
23
305
658
31
702
728
63
864
547
159
238
504
938
47
423
533
403
14
169
160
634
158
47
85
171
184
869
71
148
730
24
403
55
14
121
293
44
1188
684
426
225
242
144
546
51
894
179
293
118
478
102
281
43
107
32
526
22
429
136
489
376
535
20
74
271
230
266
576
35
53
67
129
191
239
333
602
1170
412
329
46
962
285
43
717
145
83
417
314
855
114
547
538
438
52
85
55
66
161
284
242
29
127
614
225
517
818
88
143
265
464
126
316
203
1138
319
32
433
190
358
534
399
79
565
233
669
442
241
584
317
147
773
83
450
137
228
84
426
270
296
0
124
264
5
99
93
234
390
339
475
271
872
381
743
37
52
5
72
569
100
26
174
81
723
152
18
404
229
307
213
107
661
269
128
247
51
27
294
318
146
241
310
386
6
2
441
129
434
73
11
68
178
50
341
252
585
128
626
581
665
579
204
172
746
479
593
34
85
68
274
473
848
613
241
32
571
239
634
216
110
713
580
15
626
748
393
243
51
943
405
23
77
220
431
93
1161
246
46
37
115
559
701
277
274
52
946
274
915
228
375
441
82
1027
110
329
254
161
448
498
912
222
244
887
55
182
14
43
234
68
49
279
28
121
519
831
721
425
2
373
464
287
56
111
98
215
151
415
11
124
63
159
793
441
549
820
139
532
467
48
572
737
615
122
289
129
199
470
194
128
44
786
21
211
1140
147
561
77
147
32
536
14
143
159
615
482
251
1016
435
47
173
101
95
93
512
43
271
198
158
483
531
100
3
111
386
640
318
9
105
361
154
256
919
8
848
192
427
56
731
184
585
741
3
90
86
271
142
283
74
817
327
599
31
608
30
43
306
21
102
82
86
280
32
270
284
311
702
31
568
795
157
182
225
127
782
181
152
471
158
46
4
61
362
162
985
90
92
112
267
141
154
393
897
1021
174
910
105
393
353
339
227
635
47
479
145
277
137
147
86
942
126
263
490
725
30
188
345
9
91
215
139
666
974
897
135
9
34
63
282
1003
830
658
117
115
948
6
357
185
662
801
7
284
894
447
580
689
125
249
28
483
237
283
1023
218
107
8
284
655
148
460
79
116
132
919
110
13
165
57
278
760
3
785
566
21
65
711
398
500
313
537
253
417
101
8
58
56
3
27
245
13
803
961
53
48
79
692
47
313
285
321
256
180
22
339
149
43
940
343
1067
598
1072
110
141
217
434
141
108
105
72
536
283
615
353
540
11
410
538
176
5
91
383
92
27
646
796
28
486
465
78
22
852
796
334
293
81
175
33
22
0
230
248
270
246
38
28
344
286
49
988
121
526
97
226
113
535
410
797
655
78
341
22
50
10
110
20
183
297
1079
323
592
60
602
18
1078
276
681
130
306
136
478
194
228
634
35
432
153
460
116
684
640
651
521
82
516
212
298
11
737
69
433
1006
89
528
289
431
87
24
345
349
782
117
318
363
326
245
187
13
3
18
483
149
104
40
76
757
70
13
40
423
219
119
331
409
126
142
167
388
35
1095
722
211
957
628
212
450
592
32
7
24
54
417
261
308
96
356
851
219
101
540
4
92
630
304
602
73
108
355
401
215
49
760
14
29
299
1
266
72
99
428
796
603
742
61
100
112
338
220
7
193
310
1136
120
3
366
108
21
749
570
878
577
3
76
29
502
413
414
271
240
819
271
766
1
421
34
55
543
657
241
287
270
685
601
395
441
24
997
7
653
139
354
80
690
290
307
50
933
203
750
770
147
46
521
75
626
18
184
172
207
73
262
767
133
527
277
209
82
9
638
97
566
320
185
872
29
527
139
378
390
102
119
562
122
613
740
643
610
598
435
499
222
183
320
505
96
882
877
49
150
184
8
472
52
682
217
779
43
54
575
26
74
60
68
159
25
1
360
166
69
420
174
434
1031
638
157
329
112
5
176
582
49
156
90
445
230
411
2
6
194
419
56
395
211
204
427
2
179
295
89
28
266
189
192
287
53
62
38
170
264
169
295
349
138
8
31
126
208
778
253
719
519
377
130
132
127
37
97
18
273
191
252
185
173
769
406
108
21
294
204
63
169
1131
225
164
76
489
237
122
35
282
810
9
455
508
200
1024
8
649
38
18
68
155
322
62
92
73
0
205
213
362
128
664
359
260
54
150
72
21
127
172
73
130
748
262
809
172
391
613
498
356
320
142
168
15
327
84
358
45
5
76
316
37
28
147
42
470
72
1077
124
322
72
120
334
181
300
516
389
97
251
599
368
633
8
222
77
369
172
422
406
607
179
738
88
34
190
338
716
1060
226
508
395
952
214
138
558
159
43
486
342
461
481
229
439
765
388
3
74
142
235
141
185
1009
89
696
176
96
139
12
14
394
324
37
679
149
640
78
871
225
9
237
49
21
45
547
344
376
817
115
576
193
741
144
284
111
690
176
57
592
25
238
5
59
138
520
127
280
240
114
686
769
74
29
72
109
95
3
597
5
260
52
68
232
79
19
35
648
356
2
1132
253
31
500
100
1017
810
470
767
221
485
551
116
98
9
98
25
239
178
6
43
143
83
31
141
203
35
105
819
70
19
287
353
64
214
264
285
358
76
340
313
269
3
5
626
414
100
0
9
780
219
93
429
206
864
185
500
6
59
20
731
199
202
354
108
259
539
353
2
8
35
437
81
113
452
589
836
42
712
294
489
597
4
217
924
834
83
639
94
12
7
705
500
911
64
137
156
14
7
395
468
83
303
3
490
121
43
554
160
24
19
295
72
6
141
221
148
358
662
124
821
102
183
515
759
219
40
526
23
361
364
738
421
65
136
141
9
4
96
71
49
175
905
855
533
241
737
753
255
743
682
185
67
690
145
40
330
986
1
63
131
164
104
342
927
157
106
625
502
198
43
338
1
103
764
237
266
778
12
1220
436
66
357
506
275
237
2
223
400
580
321
84
184
379
666
244
308
456
298
126
2
19
95
44
553
35
421
398
219
6
1053
1
49
26
36
435
529
443
258
20
19
2
172
5
1046
668
562
47
472
44
423
427
321
184
523
38
6
223
329
581
260
30
89
123
38
438
751
145
49
604
566
614
1009
393
249
56
39
28
256
243
57
16
643
62
423
430
49
314
88
461
638
693
64
33
1051
504
105
90
184
528
858
454
24
1079
405
136
248
344
750
739
1066
816
668
154
461
532
370
287
869
457
22
21
4
104
154
350
46
98
173
213
46
10
155
302
347
326
442
245
876
533
269
144
916
519
990
87
287
164
833
29
681
262
13
290
304
448
15
711
259
350
14
574
70
741
569
167
78
37
660
192
80
146
292
483
985
128
10
244
408
154
625
681
123
147
218
32
984
29
55
176
901
464
260
326
556
3
5
800
363
927
142
71
196
412
255
35
254
60
12
794
67
505
29
376
79
435
413
810
381
408
91
254
707
818
241
211
151
709
112
42
205
472
237
119
992
584
600
13
108
234
109
767
399
143
505
368
82
629
128
66
256
40
27
169
151
341
2
920
125
9
250
171
393
755
609
738
148
223
602
667
95
206
127
23
412
906
470
478
70
260
85
445
1083
124
930
48
690
97
221
319
327
136
42
169
879
310
199
356
58
286
57
758
81
336
263
317
172
0
238
138
445
186
413
448
58
227
523
469
461
11
147
121
467
147
295
905
154
115
451
224
482
357
166
12
315
407
131
508
893
209
117
615
330
5
353
717
419
705
176
1068
594
151
455
21
136
133
89
536
603
31
31
47
9
383
113
151
96
322
163
361
233
174
988
278
331
570
45
80
19
68
4
239
33
230
566
244
180
704
77
840
32
336
828
198
32
41
1051
27
383
20
574
367
236
539
70
25
514
142
389
1115
831
218
380
392
131
139
569
42
339
557
648
214
6
83
55
92
593
589
445
384
135
342
54
322
750
844
184
26
29
45
467
80
422
475
953
39
72
793
491
648
323
227
1203
620
187
645
712
620
34
948
351
29
7
865
753
526
771
503
107
86
897
662
321
20
826
347
328
94
134
533
229
28
39
355
1128
149
993
151
723
404
653
104
91
288
194
622
829
402
414
345
14
610
361
301
238
141
119
105
717
11
373
463
714
262
304
104
61
3
104
1157
8
782
382
754
14
734
26
22
368
128
379
698
770
476
164
92
926
366
61
481
320
407
168
132
268
747
121
333
670
15
52
74
24
36
51
299
10
1
141
131
410
121
2
201
293
219
589
88
869
328
33
143
93
148
500
556
902
128
218
248
798
833
410
15
803
677
33
356
75
55
50
116
656
97
957
532
185
609
5
14
23
230
10
54
117
27
342
390
6
452
175
431
1
50
360
93
308
108
1178
219
581
268
29
744
164
485
493
423
19
200
7
423
340
889
657
568
17
40
516
339
867
734
114
40
718
326
26
51
5
214
755
125
68
542
513
122
81
100
853
67
20
66
69
11
606
19
370
280
75
991
115
292
359
400
39
338
826
47
104
728
135
41
21
153
14
283
559
254
1
14
469
759
396
328
278
715
348
304
497
59
4
8
121
26
346
248
899
273
322
156
156
195
223
601
169
20
113
388
475
153
231
380
225
349
15
159
4
255
417
1
61
582
164
757
12
504
498
367
519
376
642
621
417
70
168
868
362
761
31
971
614
158
283
142
12
203
80
130
89
279
723
364
356
131
720
446
72
780
9
417
245
365
13
312
50
50
728
182
251
95
17
159
455
178
716
290
251
95
142
613
71
467
278
240
1165
582
20
926
557
52
86
304
281
139
362
610
205
371
213
5
9
421
338
401
299
215
681
4
678
342
35
920
87
61
575
549
169
2
480
114
770
144
249
451
174
366
495
288
280
970
230
739
822
351
1008
1099
171
10
33
82
298
406
532
3
709
634
71
199
223
6
344
193
4
828
247
887
35
312
12
103
11
22
25
233
240
191
418
1015
115
294
477
356
313
67
106
36
235
110
153
9
49
258
52
15
115
109
366
119
157
117
383
57
208
57
751
324
69
243
1165
179
8
401
46
64
189
197
664
532
178
541
116
251
104
681
50
386
518
749
362
1042
18
25
30
915
506
171
674
87
666
387
13
532
312
382
192
677
243
598
227
28
6
412
286
628
224
353
144
50
186
501
483
13
347
507
87
1
115
42
22
291
275
323
230
79
87
172
350
807
648
708
297
140
419
72
494
98
168
441
110
144
12
23
533
311
772
18
1056
110
28
4
706
247
505
591
20
402
0
19
728
16
292
702
781
424
136
843
233
166
114
550
287
125
658
813
340
299
123
978
339
167
499
771
7
938
1113
431
147
500
478
511
105
127
58
314
85
984
465
940
239
100
185
565
604
41
6
2
126
88
170
8
832
1004
984
300
375
270
998
26
429
808
47
86
1
400
285
713
70
41
128
9
30
379
474
82
455
41
443
725
992
817
997
261
1008
253
614
324
982
256
174
8
11
322
285
604
535
508
470
8
455
927
772
144
27
5
54
659
89
604
282
209
149
342
110
731
96
263
107
139
113
76
288
0
92
269
712
344
2
201
373
243
322
68
88
173
106
415
809
160
575
147
350
238
71
336
316
321
1
595
170
218
744
117
187
180
171
102
188
686
132
16
306
607
573
688
267
987
60
35
83
1167
312
303
755
282
109
398
276
763
64
443
934
260
203
118
225
6
839
120
947
515
168
212
0
93
307
137
62
30
302
7
886
416
303
887
486
62
708
11
26
56
21
761
82
133
199
13
47
388
37
385
394
205
722
43
27
138
192
100
299
830
159
622
174
294
674
415
307
152
523
149
72
196
131
533
91
5
25
754
113
36
384
180
35
898
439
460
30
2
477
476
175
587
393
680
34
219
271
179
559
191
74
822
230
978
250
104
395
73
50
495
3
304
0
295
322
141
366
68
26
572
453
57
216
287
92
300
109
193
1053
215
316
957
282
69
848
66
58
563
354
277
700
427
716
8
1171
282
225
480
309
934
261
597
52
62
111
57
107
287
808
181
49
247
60
337
724
30
588
819
400
32
290
820
81
542
505
275
109
110
43
140
523
4
1
21
628
114
170
1032
317
48
513
191
343
185
1099
529
408
5
190
154
164
833
539
40
172
472
79
891
340
134
21
563
150
201
329
161
136
665
508
51
823
17
344
53
423
278
459
27
575
31
220
516
104
8
834
165
461
9
163
219
669
233
54
544
79
321
390
874
266
512
11
438
1
83
203
419
604
238
437
141
204
164
175
76
88
140
127
760
121
148
190
47
656
673
85
260
306
85
561
150
25
518
274
63
131
54
225
853
190
1024
194
233
562
62
111
25
53
221
674
759
22
78
393
153
27
670
167
327
635
241
400
68
429
222
350
82
422
88
117
195
46
337
789
394
2
223
27
1034
228
52
108
608
488
228
522
636
163
289
306
216
673
59
988
87
314
368
829
519
69
3
597
0
229
124
105
832
515
262
437
385
197
294
316
275
47
621
617
124
208
0
578
82
169
630
172
55
342
480
1098
70
404
189
1019
337
84
569
422
443
564
16
176
86
725
224
314
97
47
148
146
72
243
129
7
51
5
897
181
550
750
251
327
81
20
338
111
8
43
683
213
210
769
855
151
463
70
344
110
113
690
439
102
156
188
138
211
853
69
220
85
773
374
1
13
140
46
896
322
39
294
623
1026
808
769
361
94
227
3
87
25
76
318
944
829
62
275
159
418
452
757
320
329
548
33
69
399
80
446
91
44
60
84
27
327
1069
466
479
752
14
839
520
431
489
248
208
131
8
162
149
514
278
31
82
860
103
389
25
17
110
157
69
194
173
31
244
362
613
112
342
66
88
870
1010
94
115
11
7
112
107
96
46
434
171
658
240
380
5
610
395
143
47
19
456
103
3
127
795
90
11
883
725
193
13
88
37
197
214
258
314
463
97
56
1
845
11
762
329
72
53
835
47
130
461
563
458
784
106
353
345
273
374
57
8
26
94
265
114
468
30
386
445
1
353
469
298
3
201
674
2
586
423
662
276
219
668
175
293
203
997
853
400
59
271
87
323
190
91
583
410
877
311
964
119
90
397
106
0
552
244
101
12
9
55
17
1108
120
799
259
10
874
666
245
750
129
379
91
437
11
325
52
192
14
518
162
292
409
50
466
87
129
74
205
11
247
354
226
407
3
902
390
119
489
347
352
239
946
268
11
572
70
718
856
243
580
356
121
434
354
321
169
223
475
1056
1174
45
750
879
325
150
385
169
14
643
125
66
6
178
731
132
3
133
226
306
95
342
653
510
2
472
130
630
100
97
28
215
20
361
15
4
725
598
563
558
69
129
349
502
415
482
268
117
67
3
140
1008
134
877
309
314
13
53
156
174
475
13
86
15
103
1105
37
543
157
725
94
710
328
239
19
776
34
771
262
126
106
150
277
838
472
70
935
310
648
263
30
328
373
57
171
443
238
372
181
90
253
433
215
117
250
528
53
536
14
96
186
120
512
127
31
208
62
550
328
1008
76
795
466
76
442
453
196
1035
763
751
283
9
273
305
44
293
396
694
168
326
281
59
288
66
379
657
48
67
227
2
261
489
396
197
865
19
480
159
164
248
739
223
359
777
660
156
106
102
6
30
313
416
483
576
149
18
837
254
738
40
159
262
125
879
266
44
21
19
357
307
736
143
53
673
179
9
1
745
189
249
89
669
10
215
838
685
96
219
322
207
14
19
761
15
388
977
415
55
501
46
328
964
447
550
451
61
91
642
112
807
139
306
285
217
97
242
805
396
417
342
95
688
184
269
36
578
97
334
845
394
593
56
501
689
161
176
111
101
635
46
152
340
33
272
604
356
213
11
102
462
187
897
2
461
274
49
143
444
891
131
110
216
243
21
44
190
226
276
33
289
307
46
31
56
18
67
50
17
61
88
367
932
320
177
2
176
185
457
2
252
491
97
143
35
97
106
597
261
58
342
177
70
108
42
152
637
8
245
150
460
246
319
49
188
15
813
71
11
318
2
839
205
86
246
405
381
717
95
147
15
125
54
273
49
185
7
294
3
414
79
115
358
558
4
349
143
280
120
151
966
230
611
46
300
492
200
23
358
220
361
36
4
523
50
49
146
346
385
50
115
182
21
481
773
620
108
168
165
196
589
76
306
268
846
103
628
593
479
198
122
142
289
205
563
319
33
131
659
118
683
36
365
95
75
314
23
518
855
87
405
159
961
80
56
406
810
218
288
871
53
10
42
233
2
109
160
503
1120
806
489
36
754
599
152
116
418
196
234
86
231
108
327
203
381
654
118
178
8
358
339
340
16
803
1151
123
56
61
913
407
106
523
179
3
261
75
457
920
542
532
46
702
325
55
779
95
57
172
589
225
252
16
291
455
439
901
164
526
225
8
25
413
334
37
129
523
232
340
20
337
637
786
155
154
118
229
172
651
277
253
63
197
216
490
76
34
462
121
330
489
1150
541
90
703
102
612
644
18
16
1038
213
39
879
171
14
21
47
79
172
274
232
409
61
263
24
56
639
389
721
733
114
206
10
541
72
60
113
407
661
295
25
302
462
210
334
332
602
167
16
293
13
201
565
170
39
11
351
158
147
213
404
0
327
813
82
698
120
379
72
337
187
169
13
171
248
3
224
13
97
413
305
124
651
430
2
70
57
243
63
416
79
260
840
254
83
92
456
101
63
388
804
172
179
895
185
359
193
232
523
136
127
613
881
1
5
788
1130
77
893
37
21
680
126
570
23
150
95
6
17
157
14
194
68
540
1014
140
285
816
51
915
448
410
7
185
159
1004
230
168
111
222
359
46
1068
689
653
145
947
768
95
126
83
5
8
131
173
260
286
538
134
819
271
32
422
25
289
519
39
361
407
73
10
90
293
54
421
552
208
497
52
449
267
13
281
710
558
13
402
626
166
213
187
240
104
577
494
614
530
579
127
126
59
184
264
368
862
185
874
15
477
21
105
150
84
471
98
811
30
653
5
31
155
227
654
102
323
110
366
299
199
91
25
307
409
147
220
506
50
436
0
142
103
889
174
517
568
1188
82
538
42
795
322
23
214
48
802
440
88
150
492
784
200
458
585
94
207
402
490
587
114
726
424
13
895
312
817
535
270
235
1
131
338
502
53
397
219
59
3
695
294
46
386
943
91
165
959
56
187
63
278
20
680
112
269
740
132
32
112
355
7
782
253
199
164
597
270
8
598
519
342
30
557
590
729
98
132
420
95
665
138
129
229
141
654
170
5
874
2
58
36
116
578
89
613
207
90
483
197
437
944
510
180
1108
403
3
354
210
110
442
18
17
89
226
50
149
378
1033
240
439
430
259
596
237
542
912
104
332
227
110
895
152
271
937
189
344
374
383
264
1068
1082
511
332
45
123
190
499
567
97
530
396
299
253
188
445
17
25
165
1064
220
593
243
1079
426
139
559
27
402
23
47
2
346
214
751
422
46
44
185
569
840
72
152
237
324
12
46
30
22
90
178
721
128
628
230
385
116
148
712
515
92
840
20
525
410
52
92
778
201
585
337
113
317
335
142
48
119
16
248
206
312
341
686
120
16
846
49
6
501
141
42
148
666
316
97
365
30
191
361
640
467
398
28
45
158
74
70
286
45
344
96
1033
458
849
744
189
312
119
310
172
62
40
482
73
676
131
83
273
858
448
83
1065
80
63
301
262
658
233
319
144
147
29
1
225
54
331
393
191
766
1120
10
31
293
111
191
197
759
587
19
42
93
253
116
816
186
739
8
915
123
377
153
133
999
281
135
155
10
103
476
151
481
167
700
364
996
558
398
202
79
65
294
161
361
6
316
69
506
573
98
131
19
614
260
421
208
1165
49
148
704
146
503
488
3
411
473
1014
69
102
449
94
610
86
94
222
315
392
8
512
711
512
388
147
33
331
386
215
296
64
153
83
106
730
21
70
890
384
390
456
16
86
513
336
540
201
157
102
197
615
350
244
355
590
208
433
487
147
381
699
457
652
29
15
641
27
110
490
41
58
55
276
471
680
707
64
329
26
148
467
131
292
200
253
499
37
91
16
76
119
422
10
5
700
579
379
6
20
1146
25
125
73
40
210
350
32
329
259
331
529
7
586
271
670
712
101
155
721
154
288
158
235
195
221
376
1
489
238
27
87
162
172
244
671
79
22
226
577
614
111
564
427
24
379
544
139
148
18
492
352
250
93
252
979
88
143
124
80
870
1163
703
174
99
240
262
86
201
327
55
159
420
90
854
173
125
432
123
68
121
38
491
26
650
397
9
87
31
0
591
11
20
16
272
783
12
286
414
33
418
28
82
790
922
377
266
490
864
43
61
90
65
256
237
309
222
632
526
52
108
167
53
519
385
715
36
256
242
118
428
379
192
3
300
33
181
724
400
504
122
161
11
148
11
527
418
199
122
59
532
98
624
180
735
463
894
1136
140
443
5
335
840
68
632
215
114
369
348
220
806
150
117
63
239
296
206
148
612
185
205
7
194
481
503
451
771
262
278
334
75
781
167
408
430
539
19
244
33
683
114
996
133
246
496
119
203
842
165
941
522
103
45
178
213
201
198
9
21
88
526
8
115
1003
48
634
170
170
59
373
374
0
716
219
46
304
171
529
16
601
87
991
712
213
598
987
80
1070
1
241
462
150
87
327
121
44
194
962
199
36
346
412
146
1138
377
17
157
242
156
262
1154
348
429
373
961
136
25
416
493
481
377
117
28
31
215
51
302
16
173
162
244
535
192
67
759
204
1193
313
217
628
385
577
646
26
28
1060
232
190
14
852
548
569
55
493
139
681
323
208
389
218
194
26
134
10
167
222
447
381
366
149
355
79
637
966
431
60
132
12
10
191
362
66
447
217
237
124
708
424
0
659
602
216
173
202
294
160
127
58
83
1151
63
26
200
868
570
4
42
737
889
445
139
70
556
134
670
380
359
445
983
193
16
27
194
219
6
56
214
1010
362
55
83
129
350
147
929
633
921
41
189
16
186
53
376
44
3
210
289
145
41
825
260
54
483
675
1029
12
387
551
68
98
635
199
382
731
848
19
1034
94
136
13
615
914
122
220
318
303
0
57
143
315
572
192
1113
49
198
418
125
455
122
47
187
244
34
1111
375
35
336
748
239
528
567
15
723
460
287
53
9
485
161
42
160
54
316
9
162
154
105
424
775
748
120
62
211
64
280
220
417
632
372
61
495
21
97
496
511
54
28
117
128
28
79
254
128
437
467
357
384
502
303
3
348
354
820
18
84
41
107
532
194
479
2
55
80
47
40
26
368
578
7
29
259
130
9
1161
158
61
9
576
666
245
413
212
82
554
569
95
387
91
171
423
115
237
154
113
34
37
16
261
792
658
1023
408
335
95
661
39
47
484
93
191
62
69
50
504
342
59
350
107
1138
652
152
552
353
234
266
293
753
234
97
121
394
86
589
305
883
194
575
107
1105
7
143
10
928
373
255
757
230
63
498
526
530
8
648
385
441
96
17
602
579
352
748
58
389
656
112
831
518
647
54
207
247
591
44
97
248
150
98
177
317
78
453
134
181
382
180
17
141
416
224
316
40
458
232
233
322
407
123
14
123
143
5
294
156
765
221
703
20
761
444
67
665
252
116
9
107
578
345
259
354
200
142
599
271
20
94
197
260
310
6
324
15
263
120
828
20
87
689
397
96
168
244
62
563
99
12
8
277
332
38
451
191
423
696
106
122
134
2
275
711
230
346
275
861
88
273
228
403
486
39
331
1
56
7
185
121
0
254
689
54
535
659
298
151
178
474
344
357
34
715
619
60
17
919
15
991
419
99
244
202
819
88
200
1
593
163
514
359
256
184
234
359
6
466
114
60
649
531
43
511
60
205
11
181
130
133
398
524
87
23
19
204
80
182
1
117
60
721
207
528
121
221
899
21
246
670
13
44
214
356
69
661
56
32
17
572
3
646
484
169
13
73
108
128
104
31
707
731
18
199
77
260
151
486
457
874
5
1155
115
45
348
206
21
258
52
360
590
320
850
108
78
79
28
816
616
34
288
28
26
8
210
91
93
232
375
774
574
124
131
825
1093
232
372
47
60
76
77
87
41
91
474
979
425
75
476
92
174
425
302
22
12
121
118
163
67
852
389
18
43
123
470
231
119
26
155
127
165
426
135
316
182
730
147
572
981
517
157
744
96
169
358
15
121
188
221
241
463
277
838
210
28
804
131
137
1
946
624
39
253
160
124
439
128
368
479
343
30
311
707
919
30
418
4
484
229
382
126
262
134
225
967
433
87
167
4
64
76
59
176
324
233
79
39
699
948
1014
906
919
283
337
83
116
286
697
23
344
567
920
554
41
285
104
401
80
5
274
24
253
693
689
942
251
520
356
279
333
67
125
41
368
142
135
289
364
427
16
674
788
82
1166
31
278
90
251
374
42
482
50
196
42
585
59
49
552
207
15
146
471
49
438
148
28
125
505
4
247
855
162
119
981
424
490
238
604
97
118
945
43
282
225
57
6
140
128
77
16
924
39
289
573
127
62
1078
138
391
412
316
542
177
336
414
122
82
323
128
509
1015
710
400
310
80
45
127
532
604
827
27
52
502
15
543
689
36
582
46
96
327
266
23
10
980
173
17
404
182
945
304
804
561
251
712
51
411
366
122
194
490
90
2
346
205
2
132
38
436
317
13
377
36
540
150
254
88
639
816
56
80
501
338
386
117
699
771
219
81
495
390
257
418
267
168
3
182
150
208
4
124
95
1
139
670
502
227
375
6
401
8
302
281
28
504
200
14
105
455
834
44
277
495
136
563
95
24
294
50
234
427
13
211
209
89
314
249
438
232
155
21
372
372
120
55
25
403
1003
632
461
234
330
160
620
479
573
478
836
13
5
23
53
336
855
168
816
77
150
291
575
389
100
332
270
135
132
115
115
110
103
148
356
11
797
255
438
279
519
284
795
222
131
173
20
226
866
410
129
420
194
978
170
269
281
148
260
158
1
734
519
11
252
135
428
145
468
236
846
714
79
96
455
43
275
113
516
282
198
254
424
128
506
159
376
128
1029
953
508
359
362
299
492
22
1
108
809
811
811
218
549
51
15
2
99
294
300
179
24
1012
145
374
79
1
631
774
426
375
866
676
1152
264
211
49
932
1175
860
530
45
70
306
859
57
283
435
51
459
58
6
284
35
516
118
147
267
201
246
420
325
147
226
35
625
165
439
308
351
20
166
448
112
69
679
475
255
716
81
282
4
376
445
243
355
556
704
823
547
177
759
551
173
177
728
235
619
148
311
91
313
33
49
349
315
178
451
229
29
985
45
258
167
360
231
568
474
533
223
22
205
194
711
487
9
502
79
149
1115
192
40
491
213
471
367
36
130
421
0
44
154
447
171
91
180
105
3
16
74
799
129
740
757
137
26
296
354
783
170
421
6
199
51
286
128
270
660
67
637
139
550
4
180
5
17
324
175
860
11
320
386
81
478
454
591
1
810
357
613
105
12
3
10
135
36
865
114
414
978
467
728
564
51
263
428
495
58
448
10
18
243
100
495
47
833
500
572
239
211
184
388
420
40
142
677
253
37
200
33
15
706
468
106
218
259
305
781
180
392
1022
805
824
81
192
33
550
696
96
551
49
228
1192
114
0
928
112
291
775
763
24
701
85
326
243
793
349
361
623
112
290
726
6
96
226
536
17
30
679
273
50
50
753
324
96
639
726
49
458
1
112
442
90
72
587
469
420
26
236
906
14
101
841
190
39
804
215
276
91
199
305
60
284
105
414
861
113
777
710
114
597
209
328
1127
472
958
436
245
200
108
57
2
56
296
173
625
3
179
50
788
517
303
869
667
231
45
202
170
575
30
163
270
21
20
368
116
240
126
260
24
179
3
42
457
309
402
21
471
89
732
229
374
137
214
133
627
698
425
358
519
162
1098
354
48
293
157
96
971
428
284
83
560
270
101
110
73
83
19
75
299
576
93
322
282
155
379
72
245
224
119
188
878
38
258
31
1000
11
101
171
31
709
333
357
86
282
650
39
1
572
1037
10
256
535
56
254
95
5
622
822
955
77
282
50
7
624
274
160
630
133
1120
617
15
648
129
762
125
151
236
748
52
202
298
136
35
66
677
691
668
323
20
459
132
532
76
98
8
767
138
86
80
803
64
547
692
135
31
365
848
39
9
662
106
181
131
21
197
420
242
680
100
46
573
65
327
572
41
337
788
87
249
202
204
1035
11
39
299
27
1109
407
680
627
19
12
65
59
142
174
25
210
360
66
222
341
379
919
190
437
1078
358
665
198
428
9
81
557
5
258
551
142
679
656
49
35
54
210
445
151
705
324
28
656
362
75
124
20
51
4
171
513
482
127
169
228
359
535
162
450
198
735
98
70
73
917
343
80
391
7
106
546
698
233
353
473
613
515
117
626
59
120
94
70
133
130
22
113
277
227
14
784
191
20
83
163
229
807
288
312
69
572
21
81
123
220
271
210
42
552
37
640
90
57
383
103
540
264
115
255
15
738
2
1128
32
204
50
356
422
705
149
313
2
813
147
432
328
329
417
128
95
474
81
780
393
312
25
56
730
4
303
31
128
447
87
231
455
113
297
133
521
246
18
295
166
222
24
177
1054
712
50
55
567
515
15
1031
186
207
274
143
147
866
135
158
158
23
1112
373
12
555
287
639
126
347
201
267
777
165
246
352
110
15
560
36
368
434
488
503
86
17
526
87
635
45
34
577
151
222
49
327
117
455
620
72
741
112
30
11
331
1
580
117
692
522
65
406
94
21
221
1026
688
400
157
558
6
707
599
13
107
942
391
115
1
43
352
36
159
219
224
347
68
660
3
760
175
1096
57
63
353
688
517
184
449
304
475
199
431
45
309
121
34
115
3
643
167
43
349
300
83
647
57
205
404
216
330
58
88
79
751
548
376
53
387
243
295
46
83
369
1111
207
92
775
55
123
1034
25
105
29
20
9
40
55
436
150
94
62
240
261
41
114
427
90
792
63
55
60
461
86
437
84
634
157
532
18
412
4
123
84
134
7
246
360
34
62
528
84
275
317
8
665
214
446
388
141
545
197
652
67
891
491
584
233
192
652
52
1111
825
93
282
208
766
80
650
619
404
432
281
95
253
112
996
266
449
632
247
559
520
231
645
359
218
141
314
239
446
869
28
365
1
29
356
8
795
831
61
20
117
216
378
150
522
452
215
92
772
15
426
8
4
112
391
94
4
63
548
15
347
724
629
414
255
371
315
467
555
132
35
15
130
136
3
334
15
90
341
103
1
43
380
65
521
494
184
88
216
88
64
710
544
465
597
9
83
155
70
37
346
3
19
198
545
493
29
1025
46
372
78
7
393
34
581
163
199
233
152
981
325
19
371
228
66
776
641
44
32
373
826
82
390
4
444
53
1074
52
108
29
222
29
14
36
303
2
226
664
11
134
828
222
1103
5
172
396
146
37
896
3
102
296
41
383
52
249
8
78
113
45
1
351
47
90
89
170
219
96
407
310
576
177
56
65
17
118
77
30
232
385
959
391
117
363
29
62
99
73
366
106
152
271
147
124
77
56
748
119
72
25
337
299
809
97
270
525
308
1040
125
241
333
549
597
796
105
153
632
471
12
543
111
216
109
16
213
463
39
5
474
316
691
434
549
492
647
5
7
188
33
105
269
306
1120
57
576
371
177
875
140
132
25
299
484
33
165
429
56
150
144
538
62
543
124
407
734
226
521
901
120
429
31
8
2
1095
425
4
81
189
46
391
423
173
708
133
799
170
832
267
17
527
577
3
206
14
156
12
18
467
145
44
100
267
214
238
269
250
50
17
706
213
342
391
1000
407
376
125
55
390
909
152
730
373
64
456
398
873
99
67
942
359
773
485
48
1117
39
62
309
75
277
471
282
15
412
549
102
233
5
23
465
182
218
152
124
441
39
577
419
603
314
789
624
403
460
243
315
169
33
254
183
289
35
75
58
169
504
326
263
446
81
728
418
168
150
1
161
252
41
6
58
530
56
437
58
131
363
789
162
239
773
222
72
162
36
216
11
31
123
35
1053
318
340
1145
106
99
780
868
20
37
602
110
22
402
60
777
31
59
15
18
65
120
84
482
626
105
290
962
63
36
162
185
181
362
308
2
2
713
470
49
520
6
28
88
167
125
259
676
445
258
47
192
24
561
131
29
322
1083
109
78
179
46
123
7
169
117
53
527
978
114
200
76
539
377
88
19
726
42
386
287
319
497
265
561
568
864
691
28
35
629
444
384
58
500
404
21
341
531
11
82
287
933
453
79
192
401
36
245
3
12
4
301
546
319
174
164
10
166
111
16
31
172
1
176
730
146
1074
741
30
735
720
124
143
193
47
236
108
820
464
226
95
28
660
312
232
849
234
1156
560
154
144
331
442
606
225
687
522
28
185
250
331
305
108
210
862
44
60
101
293
292
25
34
475
511
300
163
1001
720
389
184
502
26
84
14
228
7
167
87
507
168
684
290
60
288
44
428
297
175
167
221
356
16
757
12
217
326
113
80
382
53
925
258
307
258
69
160
255
100
373
1055
31
55
60
114
974
551
91
287
439
233
892
225
140
63
667
57
141
743
127
596
248
51
69
317
228
613
57
59
121
1001
112
1039
310
208
18
988
785
271
265
664
719
303
853
314
183
409
79
618
407
102
946
199
310
545
81
282
122
430
18
556
429
10
355
321
270
120
524
389
764
682
10
83
581
14
454
278
209
499
175
48
598
80
489
206
325
21
522
386
194
50
80
759
272
326
351
586
53
159
1
162
201
168
457
423
152
29
57
334
292
338
122
452
289
75
296
190
193
561
814
414
37
552
873
141
498
722
578
887
110
261
57
525
198
60
1080
579
47
892
257
137
331
617
245
0
253
333
160
503
173
339
85
439
253
409
20
517
119
705
76
50
358
31
557
295
1135
547
653
244
769
804
95
431
27
842
71
82
556
20
715
578
508
149
752
244
95
192
2
180
27
557
30
201
31
289
64
54
855
2
76
225
386
89
85
902
3
166
28
677
223
39
293
110
838
65
22
2
208
24
1015
7
380
51
54
650
404
798
242
380
104
714
360
343
322
53
77
330
616
281
74
262
729
710
36
227
752
808
25
413
10
604
87
27
143
361
266
738
257
80
87
36
73
29
311
69
160
27
160
1071
882
293
492
54
48
40
183
320
244
71
12
436
90
486
273
91
194
54
916
6
287
172
9
100
26
80
311
556
65
484
21
833
299
2
86
588
586
36
16
44
9
525
165
250
617
5
468
524
486
985
995
157
895
375
679
35
400
365
153
10
779
2
109
262
133
57
91
253
750
1082
187
76
734
332
286
155
3
137
282
206
100
543
18
788
34
245
864
129
78
320
98
331
927
36
371
123
464
241
1005
571
262
266
77
183
207
518
219
378
584
816
22
118
133
488
169
89
582
476
1
10
464
26
207
558
192
169
153
210
56
88
11
261
268
370
495
126
1213
65
210
12
831
280
134
306
349
388
394
243
370
554
716
150
95
509
766
68
57
483
886
59
32
333
394
153
68
3
98
449
605
755
592
176
113
117
138
361
922
17
373
427
931
412
376
668
78
497
867
272
233
165
77
431
90
372
455
6
448
41
43
258
568
456
820
2
108
6
237
196
434
1022
127
1105
548
87
389
676
741
681
309
766
17
183
30
124
55
288
1039
6
586
105
481
706
346
243
182
361
92
333
51
869
582
1054
109
488
90
789
32
621
643
31
394
503
94
460
222
350
60
357
552
178
729
3
165
559
222
397
430
123
600
9
256
868
1016
71
16
70
17
605
109
108
852
983
419
150
252
22
66
73
558
2
1
162
149
411
599
560
632
653
9
478
197
364
52
47
71
334
21
56
310
270
53
464
186
53
229
685
216
13
186
925
118
370
224
57
385
837
155
1
14
40
1026
164
413
206
307
121
107
451
2
159
119
24
195
281
1069
122
784
136
421
420
32
186
1045
498
182
406
518
1077
565
3
745
409
357
841
51
278
362
624
670
111
632
98
196
111
1119
16
238
55
10
150
418
1
45
472
1053
497
803
2
310
41
726
364
77
816
576
282
118
58
771
228
45
41
263
38
304
300
270
84
942
64
19
389
126
319
386
25
68
38
694
775
502
646
24
19
647
166
733
14
703
490
61
135
65
309
286
303
5
599
964
335
693
183
69
158
460
359
693
571
18
182
187
163
212
1041
5
196
13
17
298
148
2
835
363
322
225
235
10
298
8
711
108
575
298
599
511
697
720
35
241
543
945
428
99
777
215
24
71
226
72
514
124
975
46
1
627
90
639
386
1011
498
536
123
778
1126
1023
40
366
32
1
264
1
327
643
42
961
377
482
325
583
97
265
184
89
455
12
306
680
43
113
178
436
752
157
632
5
974
246
482
348
501
34
852
209
479
161
446
101
772
62
1010
22
125
636
54
384
43
53
681
166
8
515
533
180
1044
18
484
662
686
731
416
37
853
484
717
626
129
283
465
131
20
115
1142
16
41
142
176
43
1097
74
44
540
139
601
389
354
310
838
30
519
83
70
119
387
29
29
50
428
406
11
85
251
438
23
443
865
488
58
1211
125
3
1050
890
56
82
603
200
889
128
24
248
1
71
121
229
306
92
61
191
31
553
80
91
772
143
3
190
898
361
356
115
401
522
678
406
726
132
17
69
729
382
611
229
154
107
82
142
265
70
213
85
174
456
179
346
324
430
664
86
220
237
306
443
23
28
388
237
27
190
409
767
161
55
6
102
17
144
53
35
299
62
685
65
278
593
32
207
134
243
200
1065
327
394
173
399
125
106
665
130
5
796
8
231
28
344
249
1046
95
237
199
174
427
189
104
833
596
24
189
979
82
120
46
232
398
234
11
274
546
960
190
476
482
757
309
214
85
337
23
73
88
19
423
67
91
202
690
284
97
24
148
211
751
94
354
301
12
217
631
281
436
19
207
536
666
125
450
275
672
846
229
345
92
14
303
362
298
339
627
524
597
1
245
531
143
433
124
577
58
38
103
592
334
944
28
161
319
289
350
418
345
189
42
397
10
68
14
607
237
296
106
14
1029
1025
46
102
712
6
416
34
27
81
523
243
768
51
81
16
139
512
160
643
334
29
602
324
239
776
774
643
253
90
292
108
496
46
158
159
592
212
173
302
155
2
1172
345
179
8
263
33
93
755
743
154
619
124
383
148
342
379
477
12
211
548
43
328
336
378
168
567
726
662
230
291
521
808
56
7
591
368
429
776
477
146
223
461
24
135
109
496
5
488
321
258
801
14
702
547
307
405
109
22
27
34
615
647
485
117
222
601
250
1122
455
100
665
54
173
11
173
1124
20
943
930
116
504
178
68
277
15
710
191
617
982
324
29
8
21
17
83
890
585
548
542
212
46
557
121
158
53
404
387
941
21
577
490
327
160
467
309
339
322
37
12
47
240
149
821
394
806
489
106
24
412
157
762
102
43
47
938
214
20
256
51
47
224
117
32
129
207
680
572
737
489
95
9
673
621
422
362
381
532
123
652
239
316
80
62
42
87
525
1112
164
629
74
33
49
63
293
287
19
92
523
94
705
335
345
571
771
36
652
377
336
189
47
25
32
854
288
191
333
430
125
165
388
175
778
76
41
14
117
495
29
848
11
254
836
161
4
309
610
536
304
123
142
58
99
5
108
1022
173
57
345
444
36
140
64
67
301
254
777
175
177
738
649
342
891
666
772
71
89
242
159
484
171
419
205
880
45
53
10
762
308
100
3
570
665
207
450
40
891
123
769
27
168
554
251
529
361
73
29
647
501
351
56
27
729
63
645
430
59
368
202
229
23
151
3
155
12
106
171
214
301
1126
246
51
423
76
158
110
185
146
677
315
424
429
33
428
17
34
476
222
168
27
673
502
294
1000
8
218
983
503
262
239
160
102
157
587
787
917
95
101
354
40
607
3
50
232
272
24
49
196
84
597
230
3
810
69
262
349
138
694
4
80
30
153
127
159
631
23
126
405
5
1178
24
328
418
6
35
169
6
358
251
339
136
121
250
466
90
284
10
224
256
276
214
172
531
42
59
465
97
13
152
746
616
7
122
459
325
240
177
1110
319
347
7
865
15
197
252
134
13
5
146
491
0
309
143
130
305
71
633
164
518
163
152
1009
325
179
280
158
311
13
584
255
547
28
41
408
40
825
520
68
14
306
650
539
274
767
401
330
249
77
626
2
62
267
296
142
432
777
839
39
208
9
965
283
270
562
107
51
85
410
551
49
275
331
357
352
173
99
309
436
521
46
59
25
259
121
29
358
50
22
118
298
22
7
198
136
405
192
112
171
661
122
734
153
462
494
14
8
155
1028
523
139
275
808
722
999
360
85
292
31
366
525
2
2
100
52
864
372
662
173
374
644
323
252
1099
131
229
36
289
5
231
46
151
94
100
253
195
9
144
4
180
84
141
28
521
880
655
140
111
90
605
36
127
375
730
858
219
65
205
316
530
99
792
149
509
271
49
9
250
218
167
387
30
14
343
9
1075
1167
83
108
189
713
293
127
467
196
427
374
794
78
414
281
79
778
115
12
385
78
914
559
628
673
1080
60
17
595
2
688
266
174
36
214
368
357
63
30
24
4
29
5
79
573
197
29
55
63
112
244
74
69
417
374
246
294
7
2
591
81
136
247
7
12
298
258
475
91
13
92
668
724
224
140
555
707
724
369
698
337
229
657
494
888
621
159
263
1074
319
461
129
755
637
19
35
86
216
352
570
22
124
80
281
371
448
75
24
143
344
302
338
594
468
137
177
531
525
230
440
451
181
286
342
232
303
229
13
444
615
53
14
668
766
128
599
179
142
17
82
255
386
125
25
263
782
8
175
373
246
32
306
356
74
290
406
895
45
476
126
144
932
126
79
202
32
324
79
580
896
61
740
4
444
465
304
12
468
908
449
167
102
578
17
290
37
505
154
455
468
248
79
30
287
258
398
141
691
492
168
56
329
832
66
89
145
173
56
97
14
987
32
110
3
48
468
398
292
31
48
165
258
466
34
278
322
527
110
42
563
23
227
188
29
144
476
673
263
117
211
51
343
431
446
162
242
76
302
710
1098
211
786
459
838
63
54
660
45
428
11
7
501
84
709
273
33
6
18
74
210
4
267
76
150
669
64
118
5
4
125
14
21
682
240
160
648
178
314
64
104
115
2
148
297
187
14
278
44
773
408
41
774
430
60
246
1145
1129
81
237
428
61
40
81
556
166
116
144
45
532
655
147
253
249
262
245
52
92
430
71
33
64
1019
255
7
328
172
483
155
511
196
117
59
607
842
807
224
97
241
285
103
51
691
1152
637
231
394
75
543
3
715
237
34
256
198
46
556
91
998
269
157
444
18
305
675
497
389
62
176
463
323
83
39
133
165
576
644
538
1107
86
190
834
261
457
314
6
223
734
360
42
15
995
152
278
78
272
366
72
89
283
328
276
402
222
1148
3
246
311
219
484
133
597
13
695
226
428
48
199
64
129
325
266
281
990
181
764
167
380
935
280
226
1
260
565
785
37
172
505
1
70
294
84
350
9
1021
668
134
21
70
326
185
602
874
9
973
592
34
984
199
443
309
442
128
35
565
133
113
405
986
271
1003
386
32
702
142
413
289
282
784
50
350
184
691
853
415
352
107
1100
41
384
142
95
270
168
90
379
258
573
271
53
312
143
504
16
3
18
41
360
105
843
419
255
303
311
24
298
715
558
707
5
992
664
97
619
971
15
675
305
60
260
380
113
6
169
50
143
70
278
329
1074
277
1
358
252
324
391
95
58
9
52
226
49
150
723
398
581
717
83
1029
21
48
537
122
774
390
590
4
193
538
257
59
256
485
234
562
8
368
189
33
69
140
377
608
346
132
509
232
351
80
466
260
205
15
343
698
6
434
352
88
715
277
96
29
970
545
4
613
263
203
328
63
10
520
93
26
654
561
8
346
265
50
60
570
460
717
0
19
696
604
752
287
136
728
612
953
244
112
409
419
443
1139
195
16
947
58
401
186
370
564
250
625
940
214
670
434
240
124
2
1
915
179
45
142
190
55
351
169
12
369
38
612
106
165
303
35
188
142
159
24
107
302
0
6
371
110
38
9
773
2
20
156
13
733
288
606
24
107
507
232
764
11
156
0
68
562
134
239
41
47
588
357
90
425
19
841
16
184
6
198
303
35
8
62
688
14
160
41
103
18
348
352
650
294
637
318
52
24
723
329
134
927
37
81
222
199
6
6
442
149
148
523
354
249
388
519
523
279
974
579
286
171
102
546
389
722
26
47
417
695
202
234
546
6
702
321
473
5
478
528
79
76
344
203
114
206
616
73
296
8
6
178
341
56
201
325
578
112
459
155
185
388
573
2
433
162
227
187
311
356
417
853
195
39
957
491
516
42
502
412
115
206
20
821
262
20
127
4
142
182
573
329
123
181
248
1
153
864
693
17
705
307
728
550
107
990
358
78
507
137
573
178
457
583
501
885
136
53
233
508
229
134
58
388
1002
35
98
624
467
0
58
234
890
477
52
351
1
183
682
61
570
374
101
541
76
61
504
135
92
638
143
368
495
425
30
249
338
244
435
121
720
629
298
61
559
132
65
295
174
91
828
180
477
482
105
484
1058
493
31
123
142
248
630
295
270
0
1045
677
432
42
29
99
8
92
28
758
333
540
227
432
273
11
716
226
159
13
250
153
15
34
1175
91
301
369
101
680
272
176
7
53
289
428
274
153
203
917
342
394
72
139
938
426
56
208
1083
188
935
538
561
6
126
10
146
375
328
679
336
392
243
121
28
365
276
626
971
503
184
652
25
431
77
494
98
565
29
1076
289
219
1017
532
68
569
127
8
167
160
423
990
11
708
498
257
17
400
1100
106
48
170
50
425
149
385
14
183
54
6
365
127
124
182
477
303
1
434
687
247
26
183
88
585
13
44
26
557
56
899
94
976
848
12
43
931
72
114
112
560
223
98
118
99
134
162
173
415
313
695
395
429
351
390
22
411
76
275
203
170
119
549
998
301
462
913
49
170
179
477
392
222
779
359
184
436
81
297
940
644
188
189
224
60
511
142
150
177
190
89
461
63
477
57
491
1011
451
5
195
11
19
130
126
262
589
123
81
896
5
358
524
97
139
816
197
931
231
39
669
1166
985
64
753
548
274
69
51
730
148
44
45
676
237
343
102
1112
170
263
104
80
118
492
143
300
144
368
550
202
531
0
105
115
3
16
334
175
51
8
112
150
119
43
199
14
148
550
216
672
569
642
21
16
19
184
709
106
357
4
399
292
120
265
142
704
30
358
388
175
2
418
250
188
129
27
92
38
304
136
87
123
126
901
934
285
229
190
62
41
462
18
403
628
191
49
94
111
873
65
9
427
172
14
95
423
443
53
243
432
192
58
231
46
187
38
10
749
186
572
460
557
10
18
112
18
69
384
162
9
547
509
14
410
997
554
336
461
681
476
752
376
318
52
199
500
287
241
134
16
175
192
65
452
671
728
137
337
248
120
2
681
1110
123
1156
497
6
786
282
109
26
237
63
64
984
694
948
13
138
0
222
207
212
5
1
923
108
690
632
219
281
413
32
32
206
384
890
253
286
802
73
25
0
926
116
938
50
148
13
578
27
105
259
116
509
542
369
613
200
606
172
213
13
41
165
8
130
549
190
370
756
217
122
73
394
187
722
235
39
216
640
496
209
118
38
15
303
479
47
17
202
197
136
667
109
194
713
417
206
388
298
134
154
658
28
39
456
13
605
64
507
42
572
437
94
76
179
769
313
36
225
257
212
29
932
98
254
1005
47
397
24
68
581
204
20
963
302
477
172
653
61
605
1005
140
862
409
110
99
293
453
772
12
1012
35
196
279
368
274
255
502
4
834
45
367
31
47
222
42
96
34
645
290
822
776
568
331
1
421
740
637
355
93
9
97
68
382
44
627
322
2
16
527
69
731
324
45
25
145
70
143
8
308
562
44
96
710
392
186
126
245
668
238
55
434
614
303
256
63
687
812
1033
20
334
636
209
120
262
29
231
190
43
237
179
196
498
248
219
603
555
1013
442
177
3
161
79
216
705
844
391
90
81
273
37
166
80
1164
146
69
217
272
638
971
23
62
171
613
17
607
433
484
1
427
157
725
122
38
316
353
50
111
894
453
294
1073
765
83
48
254
338
45
391
205
202
349
36
601
20
31
678
70
145
86
134
150
272
66
1140
168
54
401
98
603
57
667
317
68
728
1
898
3
44
32
816
319
326
47
143
33
186
189
81
517
356
257
32
28
179
78
286
970
331
129
306
160
239
667
905
297
449
100
1190
22
418
20
101
64
98
11
17
1080
738
52
38
87
87
667
331
540
517
313
249
59
491
909
55
54
72
6
894
85
1
123
519
387
129
939
731
883
93
106
30
229
72
69
505
87
89
226
278
9
46
278
249
217
818
424
183
715
94
673
1103
804
448
16
8
320
50
299
697
217
247
42
104
23
4
38
66
18
550
218
74
848
220
798
116
780
114
467
116
338
423
340
309
1
304
75
261
663
21
48
48
1021
708
184
440
895
143
80
370
223
526
47
376
906
50
1020
378
1
175
416
28
726
158
505
337
586
182
411
43
227
7
201
166
79
157
506
288
945
375
161
126
963
46
18
22
55
726
168
297
97
349
506
30
41
49
37
330
46
672
651
230
130
120
218
27
664
136
491
18
253
899
14
8
772
354
123
42
540
543
60
67
498
191
121
384
25
302
67
550
203
103
268
40
142
16
546
121
125
794
117
884
39
69
254
698
291
234
65
181
1
43
348
57
904
69
74
170
73
922
819
25
8
6
111
242
235
466
200
2
427
435
197
67
427
259
25
47
127
91
456
411
868
18
133
57
913
60
141
92
842
320
89
9
156
119
604
254
58
60
133
175
594
471
50
519
46
110
72
28
371
8
364
243
675
401
151
262
101
5
779
13
73
331
534
446
157
284
36
627
775
41
609
78
642
2
295
840
642
16
169
203
41
393
236
475
557
164
267
869
850
65
811
258
110
138
84
53
4
803
985
70
6
9
152
121
796
446
21
471
384
111
368
254
609
574
72
180
47
221
676
259
320
183
260
249
336
130
58
2
149
296
1111
15
55
266
491
6
127
530
239
109
825
164
620
117
445
118
163
156
222
229
49
74
62
93
155
9
462
154
285
154
24
396
339
705
525
48
23
13
96
424
39
197
302
40
982
116
381
95
6
156
264
1098
428
1054
81
182
68
397
859
50
236
4
900
747
217
784
1131
2
840
529
240
105
153
256
454
164
499
25
196
210
413
15
637
561
533
822
491
381
41
306
358
180
69
194
144
233
702
315
216
808
9
844
149
201
33
511
474
92
394
161
49
791
380
463
154
26
585
603
34
1031
1006
122
74
132
20
538
168
195
422
194
123
1
10
198
662
37
400
186
580
30
81
81
197
10
45
258
465
11
507
223
418
289
106
398
117
351
143
498
900
830
41
64
224
291
164
779
477
55
104
142
306
687
959
345
428
115
309
203
60
696
732
232
795
76
218
271
41
339
139
4
11
495
750
81
311
896
428
524
88
702
123
244
336
33
551
24
481
345
369
102
223
28
251
468
124
708
379
273
144
186
361
226
133
543
217
120
67
84
465
275
221
383
221
351
157
226
4
2
272
284
9
454
19
50
228
293
236
135
18
536
344
181
906
68
164
230
28
156
928
677
131
82
33
196
75
712
138
10
183
695
26
53
268
41
101
260
20
628
3
557
958
146
24
153
574
284
721
100
243
115
5
885
611
451
23
551
19
385
162
376
651
60
699
625
174
1114
468
247
116
14
119
312
81
34
10
573
193
116
264
94
407
206
47
276
226
39
324
328
273
54
126
212
476
115
617
437
12
60
388
77
390
713
147
335
419
977
811
79
294
172
177
912
1044
95
413
69
61
79
544
819
53
21
157
46
588
67
307
657
235
378
366
83
445
585
350
448
89
288
289
510
696
74
280
583
86
30
68
268
512
44
241
406
448
208
839
546
64
297
1207
98
108
701
170
100
46
177
175
14
119
14
597
341
106
292
90
448
19
275
390
109
1
943
137
435
11
86
715
334
236
109
952
218
576
271
91
69
18
79
98
455
454
101
83
113
115
557
18
1
153
1021
129
428
102
312
62
44
527
14
323
689
28
495
674
206
55
179
251
28
39
511
13
1091
152
13
398
41
268
90
558
21
510
297
1004
830
1014
266
679
297
110
282
75
16
183
227
960
116
689
247
68
105
736
136
431
23
3
1152
417
123
356
329
656
94
131
909
912
195
392
53
159
458
357
458
278
539
722
67
660
373
33
249
162
543
149
385
122
392
468
298
17
462
172
359
181
113
40
1039
484
72
782
425
224
376
479
285
35
203
2
400
663
47
125
52
656
249
136
234
76
91
802
106
393
104
219
533
164
132
65
1005
523
161
65
1033
14
7
78
94
589
464
321
52
97
43
414
427
577
268
164
221
622
204
300
368
195
594
287
518
37
69
663
586
395
82
185
1116
503
65
170
12
443
135
208
200
108
585
135
14
899
286
222
230
740
56
4
156
262
913
97
51
1113
32
306
54
329
542
246
189
292
239
528
42
110
39
73
282
558
453
516
287
346
346
642
54
16
316
111
28
207
508
23
538
99
630
120
145
91
32
500
69
627
982
569
82
367
7
21
61
671
73
446
14
407
8
260
250
249
423
596
305
264
847
207
348
98
331
301
60
15
912
143
465
429
336
70
232
39
158
141
37
114
114
221
602
78
632
201
984
75
13
100
771
156
112
138
393
1083
78
120
446
1069
678
905
860
201
91
926
397
85
16
236
11
352
19
755
3
14
297
409
259
234
71
8
740
765
140
167
540
440
149
258
103
335
292
251
655
30
38
389
5
1120
196
81
283
222
90
74
29
167
22
113
664
26
153
1127
48
678
939
203
115
159
518
526
422
23
266
69
69
166
324
8
803
369
133
546
95
565
144
136
190
100
143
105
321
321
355
1143
88
115
609
95
344
173
717
97
306
742
550
507
52
776
446
70
16
297
829
19
292
168
148
351
3
457
268
68
142
29
44
184
211
81
178
289
447
484
33
528
172
53
477
50
122
119
504
705
239
528
299
412
872
508
123
274
453
436
275
67
597
56
628
445
52
1020
466
103
203
470
42
814
137
173
609
320
256
535
59
299
167
694
193
658
155
399
7
992
411
9
338
20
445
33
80
24
852
30
70
94
134
139
65
637
9
600
504
1196
481
260
21
521
318
248
7
25
638
574
325
574
308
856
164
805
319
862
49
603
150
50
1124
893
3
843
643
152
840
62
467
187
32
86
1
184
121
883
520
288
89
4
97
563
117
138
371
691
61
802
495
167
14
8
936
10
189
912
435
10
876
263
24
74
238
271
212
200
274
886
15
81
528
256
118
160
136
56
738
231
969
78
270
742
690
1165
27
69
858
101
419
578
83
908
752
43
994
154
5
32
525
416
97
896
554
412
206
167
635
538
303
182
121
87
47
17
882
705
316
257
111
49
116
492
332
46
60
146
258
850
69
419
230
882
370
98
252
98
57
25
430
255
219
420
15
320
218
74
61
197
952
518
170
46
242
56
381
69
193
580
81
748
448
454
117
74
116
841
76
93
244
272
11
395
273
666
90
576
344
187
88
62
748
49
106
361
64
367
162
87
60
74
652
761
141
85
193
269
147
0
807
862
483
696
32
28
198
1098
708
122
612
53
116
647
143
26
337
324
2
79
470
563
241
36
642
1125
989
335
78
543
1065
906
66
268
147
106
458
99
32
128
27
1020
816
149
743
17
368
550
341
742
131
581
356
49
332
262
718
387
66
682
586
613
104
498
128
188
13
220
592
868
37
580
458
330
20
1109
81
210
890
853
122
78
14
817
26
143
24
175
481
512
577
158
92
15
1
572
325
469
448
743
87
249
604
779
111
135
299
126
241
564
48
22
149
692
691
204
236
479
476
332
362
83
562
363
266
161
193
823
59
250
449
362
42
317
274
288
170
260
880
313
83
411
652
448
5
338
124
443
85
387
73
566
598
618
215
906
46
555
635
599
37
357
227
419
106
325
138
782
911
27
24
895
48
315
409
327
739
807
685
760
822
84
37
404
43
12
176
239
355
88
536
24
216
360
508
164
19
94
23
361
731
409
528
295
123
1100
51
468
227
315
88
660
52
79
91
17
497
486
41
16
46
550
1120
67
76
182
92
96
73
39
395
239
300
151
107
353
0
139
1129
146
301
84
130
315
35
408
441
81
868
47
13
255
805
131
355
875
693
52
69
681
55
666
32
121
20
306
950
598
270
894
603
184
187
128
687
28
878
43
1057
109
38
188
614
619
54
824
618
17
308
517
52
1049
139
198
123
42
1
1003
230
13
454
1058
282
238
947
1
10
590
64
1
30
148
927
472
623
59
565
204
86
413
245
443
31
175
154
660
502
141
9
345
286
2
150
163
854
358
310
8
386
375
64
57
671
550
93
205
761
21
27
32
236
548
171
56
700
243
198
179
623
156
406
870
17
13
17
3
858
9
166
265
1
932
453
934
171
753
27
145
747
358
108
239
1141
320
37
37
386
104
208
40
87
843
94
180
564
114
170
55
840
168
402
572
265
646
608
441
145
76
257
792
883
254
860
88
4
153
89
45
366
313
207
173
22
4
