100
100 500
49
158
172
78
209
265
342
3
229
312
469
457
233
78
235
326
167
133
449
121
72
236
245
191
457
453
44
390
296
203
366
124
153
308
233
281
113
314
236
169
194
1
295
104
398
23
182
466
437
444
197
328
58
497
404
331
275
398
99
112
57
8
68
230
62
265
52
321
412
401
131
357
290
79
306
198
19
123
60
226
6
470
94
344
234
94
38
90
459
247
117
439
485
185
120
468
415
434
111
252
44 99
18 86
92 99
91 96
69 96
53 64
25 60
62 73
8 93
61 64
35 43
95 96
67 74
74 75
56 65
72 80
94 98
55 79
7 97
93 93
