500
100 500
49
158
172
78
209
265
342
3
229
312
469
457
233
78
235
326
167
133
449
121
72
236
245
191
457
453
44
390
296
203
366
124
153
308
233
281
113
314
236
169
194
1
295
104
398
23
182
466
437
444
197
328
58
497
404
331
275
398
99
112
57
8
68
230
62
265
52
321
412
401
131
357
290
79
306
198
19
123
60
226
6
470
94
344
234
94
38
90
459
247
117
439
485
185
120
468
415
434
111
252
195
496
315
133
97
247
110
311
277
325
368
476
339
231
1
260
284
289
15
469
355
406
402
408
431
38
497
149
231
14
475
80
123
60
45
425
356
297
204
450
12
97
81
65
199
429
383
7
22
476
124
466
44
85
398
433
276
366
11
314
237
291
62
297
288
173
204
100
260
447
230
246
138
226
157
214
260
118
285
315
202
343
267
169
3
403
485
59
430
432
103
420
31
303
20
158
376
434
79
274
242
471
379
470
423
71
418
99
21
224
58
471
460
451
203
101
80
174
113
325
283
217
50
495
211
366
293
465
442
452
241
0
427
287
25
17
42
474
73
411
54
29
289
456
360
492
216
167
39
201
316
71
371
345
40
53
250
463
433
327
431
416
215
301
361
24
236
315
16
473
420
469
327
428
484
449
146
366
220
491
58
444
18
125
389
14
218
29
27
254
496
383
165
152
76
75
410
292
447
199
15
79
64
401
89
133
389
117
38
438
221
196
288
487
135
84
284
367
315
476
325
131
398
339
3
465
7
65
154
350
132
241
77
400
65
122
217
48
329
408
357
252
321
296
230
455
212
327
344
98
156
403
214
66
421
52
219
10
369
443
131
316
271
270
391
133
277
183
389
134
204
191
222
90
113
27
284
370
281
302
232
259
477
310
250
41
420
12
456
252
14
18
201
321
201
261
410
105
237
396
321
218
189
154
343
150
315
194
258
392
414
160
68
47
487
334
271
375
71
393
71
64
330
180
242
482
128
475
300
447
187
433
61
100
78
323
14
162
310
118
355
255
234
221
126
159
14
379
200
385
384
215
367
407
28
63
190
378
261
40
0
207
251
31
439
484
208
354
328
70
47
243
108
52
263
319
256
187
399
344
66
174
209
334
184
449
367
489
273
195
374
331
328
370
397
346
211
363
281
130
321 410
128 146
100 259
254 450
194 222
132 139
277 382
132 300
383 387
153 261
21 89
318 377
400 496
120 204
99 453
144 203
370 386
99 467
118 388
452 452
300 362
340 449
385 443
15 354
378 461
61 80
48 194
440 461
270 468
251 296
369 433
469 491
172 295
125 344
350 431
243 391
369 376
394 452
392 472
24 129
