900
100 350
49
258
122
78
309
265
142
3
329
212
269
257
283
78
185
176
67
233
249
171
72
186
345
191
57
253
44
340
296
253
266
124
203
8
283
331
13
164
136
269
194
1
295
254
148
23
232
166
187
44
247
28
58
247
254
331
275
148
99
262
57
8
68
130
62
215
52
171
312
251
181
157
140
79
6
198
19
323
60
226
6
120
94
194
134
94
38
90
59
297
317
139
235
235
20
318
265
134
111
252
145
246
165
133
97
147
310
311
227
225
218
126
289
181
1
160
334
139
15
119
305
106
102
208
181
38
347
199
331
14
125
80
323
60
45
125
106
197
304
250
12
97
81
65
299
229
333
7
22
276
324
216
44
85
248
233
176
116
11
214
337
191
62
297
188
73
154
300
60
297
330
146
338
276
207
214
210
268
185
115
202
43
317
69
3
203
235
59
280
232
203
20
31
303
20
108
276
284
79
174
142
121
229
320
323
71
168
99
21
224
58
121
160
51
103
151
80
124
263
125
133
217
50
295
111
266
193
165
342
52
241
0
227
87
25
17
42
324
73
261
54
29
289
206
210
192
216
217
39
251
216
71
271
145
40
53
200
163
133
177
131
116
115
201
261
24
286
115
16
323
320
269
177
328
234
299
146
266
120
341
58
344
18
175
289
14
18
29
27
104
96
183
215
102
76
75
10
292
347
149
15
79
64
101
89
133
189
317
38
188
171
346
138
337
335
84
134
267
215
326
175
231
298
239
3
115
7
65
304
300
182
241
77
250
65
222
167
48
129
308
257
102
221
346
280
155
162
27
294
98
206
153
264
66
271
52
319
10
269
293
281
166
321
220
241
183
277
283
339
284
254
241
122
90
13
27
84
70
181
152
182
109
227
10
250
41
320
12
306
252
14
18
201
171
101
311
110
155
237
196
271
118
339
154
243
100
265
344
108
192
314
160
68
47
137
334
171
225
71
143
71
64
230
180
192
232
178
175
100
297
187
333
61
250
78
273
14
262
210
318
155
155
134
171
326
309
14
229
200
135
134
265
67
307
28
63
240
128
61
40
0
107
151
31
339
184
208
304
128
70
47
143
108
52
263
119
206
337
249
344
66
124
259
184
284
149
67
189
123
145
224
331
128
170
147
246
211
313
131
330
313
50
309
92
180
159
129
122
81
222
306
191
296
304
229
275
16
180
88
228
262
249
183
259
309
82
154
81
28
144
95
310
273
319
281
46
270
10
164
61
20
61
284
190
110
28
81
318
322
117
214
306
41
186
328
2
216
46
72
23
205
33
53
25
253
333
239
58
260
279
198
233
76
46
314
292
192
209
245
27
348
220
142
278
43
163
72
9
336
119
207
86
16
54
215
66
77
12
331
63
174
183
127
279
244
301
79
257
200
160
91
25
279
53
208
313
118
126
19
304
192
220
312
167
263
71
35
138
328
323
108
276
156
55
126
246
64
266
341
98
348
251
327
261
328
335
158
279
173
242
328
145
325
312
19
135
318
334
128
45
175
287
137
134
75
55
249
93
233
47
180
265
282
164
41
191
60
262
280
300
317
338
86
345
202
283
236
339
325
322
205
291
124
62
83
269
180
75
312
336
158
297
261
100
246
245
312
104
136
10
73
35
171
171
263
307
43
118
265
91
69
234
243
6
157
303
47
299
109
150
286
285
272
81
101
345
304
330
180
314
236
9
19
210
209
67
116
120
77
242
81
130
36
295
333
306
117
81
155
260
301
294
155
293
13
131
18
329
82
132
295
104
311
10
51
61
255
213
236
94
343
102
170
312
32
197
173
169
261
78
145
62
333
9
50
65
217
149
184
292
115
107
64
54
127
109
236
229
149
98
203
293
185
187
31
61
314
182
111
221
33
30
4
87
281
136
140
286
288
126
312
21
191
154
97
301
32
154
255
293
39
97
315
205
262
284
149
340
196
243
49
249
96
296
100
281
35
151
287
220
94
253
136
243
182
178
302
320
230
67
194
349
123
266
198
57
5
157
127
15
247
345
126
248
262
203
303
323
321
134
302
129
100
200
48
81
8
278
117
260
470 718
817 888
104 628
463 490
198 818
856 892
112 309
680 764
104 241
673 890
279 506
669 701
731 839
833 889
520 534
797 860
771 883
520 728
118 693
17 806
613 884
656 768
894 898
470 853
649 757
625 646
391 598
17 39
554 861
201 797
692 806
370 376
887 898
65 99
271 662
760 890
375 784
894 899
534 668
714 890
323 800
177 853
627 893
674 872
239 306
83 793
230 830
106 684
412 811
38 396
321 750
227 821
60 312
387 759
381 504
594 882
695 738
819 863
743 883
806 884
493 809
126 790
433 525
96 284
761 812
777 819
22 596
452 699
380 832
51 780
873 893
617 625
265 606
839 893
607 799
330 836
325 581
627 762
897 898
525 729
122 138
353 513
168 303
124 867
277 538
600 772
801 863
98 685
649 883
627 703
759 867
470 581
824 860
420 715
319 536
395 695
464 656
418 465
523 895
654 850
887 891
413 847
457 788
682 798
262 694
240 745
670 876
801 860
420 742
117 219
452 514
535 870
431 541
551 679
451 866
749 866
634 766
23 779
571 708
659 835
145 392
123 513
519 865
886 899
492 744
246 279
765 899
856 878
517 694
95 131
64 527
191 444
456 827
97 713
109 694
822 889
799 890
220 332
148 377
876 896
333 799
393 839
708 826
266 713
30 41
386 751
269 583
258 325
899 899
314 576
756 828
153 524
275 481
855 877
648 897
552 862
331 480
263 460
519 692
201 520
582 805
296 489
601 708
30 291
120 302
751 784
670 734
357 364
115 783
61 255
373 487
886 894
152 898
179 837
332 363
872 897
87 232
608 877
636 734
178 209
488 850
209 609
723 798
623 781
179 224
274 816
431 843
71 839
294 401
456 596
16 239
713 827
557 843
57 798
636 877
833 865
10 262
366 788
108 159
273 544
896 899
524 638
208 853
861 862
671 737
514 618
689 871
759 885
794 806
627 856
242 481
321 761
780 872
9 286
283 642
338 878
738 806
181 368
650 768
775 873
274 551
242 840
220 522
205 289
720 746
103 738
350 825
862 878
770 868
242 541
735 847
434 743
574 830
190 646
606 727
843 892
655 698
575 645
675 861
697 721
537 668
483 619
476 543
682 809
51 456
605 861
877 897
90 625
896 897
431 665
806 843
770 794
157 376
653 662
280 463
183 743
82 643
863 873
737 737
887 898
551 880
722 774
830 834
806 845
317 824
739 898
192 803
444 480
383 588
665 865
87 473
587 657
79 683
463 526
699 814
301 786
5 405
744 872
276 426
519 618
88 541
652 784
458 679
181 314
716 821
445 453
185 263
813 830
205 869
554 767
570 833
179 860
239 443
345 693
48 876
177 280
391 414
398 709
804 882
56 623
733 737
192 854
870 893
153 318
528 869
782 855
0 605
855 871
84 522
847 898
588 861
408 594
474 863
261 697
624 891
189 281
244 810
147 484
267 708
576 603
636 829
546 772
557 876
696 811
81 741
94 216
804 843
887 891
317 857
93 776
438 735
287 629
380 852
226 729
707 776
217 357
38 152
45 737
825 857
879 892
441 758
881 892
25 269
293 882
363 639
101 857
40 673
529 793
680 899
574 822
776 865
504 822
668 794
266 696
774 878
21 524
815 872
741 856
158 559
865 871
361 361
472 639
794 841
654 879
716 828
683 789
613 743
444 552
459 725
672 672
572 835
329 836
43 336
109 312
384 545
111 252
883 894
285 467
160 580
789 808
533 734
785 825
885 897
374 577
463 643
3 135
163 821
891 898
789 811
29 244
469 481
831 852
811 893
396 838
704 767
388 494
20 716
865 867
272 508
880 896
400 441
318 761
819 821
663 762
158 408
67 180
351 657
295 397
529 889
591 876
860 876
292 829
539 558
684 734
813 849
408 597
420 897
345 887
379 762
202 571
167 880
869 898
229 792
318 656
605 620
837 877
529 828
515 526
472 864
660 758
579 815
124 161
780 837
758 844
215 648
621 792
45 387
795 871
810 870
882 890
882 882
101 787
235 590
484 586
505 853
177 734
449 565
644 732
24 601
61 188
838 863
207 886
813 845
451 602
198 849
700 856
889 891
799 828
674 823
628 735
447 771
793 873
368 635
76 504
553 880
687 775
119 467
706 871
731 746
549 673
309 584
432 690
884 890
753 814
588 856
438 642
807 815
358 552
75 327
692 741
529 530
60 411
127 766
639 883
464 897
36 625
11 288
255 640
559 641
849 893
772 794
590 666
542 546
321 673
334 831
893 897
601 877
648 842
332 848
365 753
