2000
100 350
49
258
122
78
309
265
142
3
329
212
269
257
283
78
185
176
67
233
249
171
72
186
345
191
57
253
44
340
296
253
266
124
203
8
283
331
13
164
136
269
194
1
295
254
148
23
232
166
187
44
247
28
58
247
254
331
275
148
99
262
57
8
68
130
62
215
52
171
312
251
181
157
140
79
6
198
19
323
60
226
6
120
94
194
134
94
38
90
59
297
317
139
235
235
20
318
265
134
111
252
145
246
165
133
97
147
310
311
227
225
218
126
289
181
1
160
334
139
15
119
305
106
102
208
181
38
347
199
331
14
125
80
323
60
45
125
106
197
304
250
12
97
81
65
299
229
333
7
22
276
324
216
44
85
248
233
176
116
11
214
337
191
62
297
188
73
154
300
60
297
330
146
338
276
207
214
210
268
185
115
202
43
317
69
3
203
235
59
280
232
203
20
31
303
20
108
276
284
79
174
142
121
229
320
323
71
168
99
21
224
58
121
160
51
103
151
80
124
263
125
133
217
50
295
111
266
193
165
342
52
241
0
227
87
25
17
42
324
73
261
54
29
289
206
210
192
216
217
39
251
216
71
271
145
40
53
200
163
133
177
131
116
115
201
261
24
286
115
16
323
320
269
177
328
234
299
146
266
120
341
58
344
18
175
289
14
18
29
27
104
96
183
215
102
76
75
10
292
347
149
15
79
64
101
89
133
189
317
38
188
171
346
138
337
335
84
134
267
215
326
175
231
298
239
3
115
7
65
304
300
182
241
77
250
65
222
167
48
129
308
257
102
221
346
280
155
162
27
294
98
206
153
264
66
271
52
319
10
269
293
281
166
321
220
241
183
277
283
339
284
254
241
122
90
13
27
84
70
181
152
182
109
227
10
250
41
320
12
306
252
14
18
201
171
101
311
110
155
237
196
271
118
339
154
243
100
265
344
108
192
314
160
68
47
137
334
171
225
71
143
71
64
230
180
192
232
178
175
100
297
187
333
61
250
78
273
14
262
210
318
155
155
134
171
326
309
14
229
200
135
134
265
67
307
28
63
240
128
61
40
0
107
151
31
339
184
208
304
128
70
47
143
108
52
263
119
206
337
249
344
66
124
259
184
284
149
67
189
123
145
224
331
128
170
147
246
211
313
131
330
313
50
309
92
180
159
129
122
81
222
306
191
296
304
229
275
16
180
88
228
262
249
183
259
309
82
154
81
28
144
95
310
273
319
281
46
270
10
164
61
20
61
284
190
110
28
81
318
322
117
214
306
41
186
328
2
216
46
72
23
205
33
53
25
253
333
239
58
260
279
198
233
76
46
314
292
192
209
245
27
348
220
142
278
43
163
72
9
336
119
207
86
16
54
215
66
77
12
331
63
174
183
127
279
244
301
79
257
200
160
91
25
279
53
208
313
118
126
19
304
192
220
312
167
263
71
35
138
328
323
108
276
156
55
126
246
64
266
341
98
348
251
327
261
328
335
158
279
173
242
328
145
325
312
19
135
318
334
128
45
175
287
137
134
75
55
249
93
233
47
180
265
282
164
41
191
60
262
280
300
317
338
86
345
202
283
236
339
325
322
205
291
124
62
83
269
180
75
312
336
158
297
261
100
246
245
312
104
136
10
73
35
171
171
263
307
43
118
265
91
69
234
243
6
157
303
47
299
109
150
286
285
272
81
101
345
304
330
180
314
236
9
19
210
209
67
116
120
77
242
81
130
36
295
333
306
117
81
155
260
301
294
155
293
13
131
18
329
82
132
295
104
311
10
51
61
255
213
236
94
343
102
170
312
32
197
173
169
261
78
145
62
333
9
50
65
217
149
184
292
115
107
64
54
127
109
236
229
149
98
203
293
185
187
31
61
314
182
111
221
33
30
4
87
281
136
140
286
288
126
312
21
191
154
97
301
32
154
255
293
39
97
315
205
262
284
149
340
196
243
49
249
96
296
100
281
35
151
287
220
94
253
136
243
182
178
302
320
230
67
194
349
123
266
198
57
5
157
127
15
247
345
126
248
262
203
303
323
321
134
302
129
100
200
48
81
8
278
117
260
208
46
256
237
34
8
213
324
213
312
77
247
103
339
94
274
308
298
251
242
180
40
218
313
234
221
250
10
25
94
34
146
221
189
65
10
9
173
324
344
225
207
322
272
139
267
240
246
245
16
284
178
322
35
126
130
58
12
162
228
276
26
331
92
9
224
340
15
142
152
277
226
61
199
319
226
181
259
293
179
198
229
27
281
256
122
280
177
144
252
177
51
84
115
277
95
200
17
217
68
175
22
316
242
108
155
256
319
312
235
244
210
213
197
210
47
348
188
32
106
302
239
344
207
100
251
44
324
75
216
341
290
159
197
163
185
119
242
53
76
147
253
224
153
181
325
275
285
271
110
222
53
181
262
45
320
250
147
220
309
179
129
256
81
212
145
54
193
158
316
228
130
26
310
51
1
79
137
302
223
174
196
112
196
255
22
257
79
127
136
47
84
60
0
13
75
262
156
107
37
155
316
183
57
176
264
35
38
310
193
55
11
12
290
45
284
114
190
218
198
287
188
132
34
146
220
325
192
38
215
277
67
180
96
231
122
238
220
336
155
195
345
233
177
199
301
106
195
261
325
229
124
222
323
3
284
207
141
29
86
194
30
254
319
333
13
39
168
29
5
290
297
168
0
297
338
170
172
280
319
229
232
207
62
259
148
8
217
214
35
263
58
159
123
344
337
142
77
232
275
310
270
53
28
223
121
5
21
34
178
135
258
273
222
35
56
98
95
233
43
137
212
42
3
131
138
55
333
165
106
201
290
182
279
14
275
26
57
157
151
309
315
344
64
279
222
153
332
209
140
189
118
336
62
298
27
327
259
285
111
182
319
153
31
154
324
261
8
155
142
15
113
330
5
149
309
48
157
80
63
66
300
42
91
243
298
111
277
147
312
210
315
113
50
23
322
166
227
12
176
41
325
293
131
182
52
311
17
227
86
306
1
261
320
70
335
207
147
299
133
19
237
99
18
165
165
24
316
346
128
221
45
77
304
8
208
202
311
60
260
210
60
20
6
8
24
343
266
81
335
303
22
145
83
207
206
151
10
95
291
181
120
265
124
64
145
293
105
228
330
87
324
120
261
264
88
262
166
327
227
90
101
121
340
127
105
284
325
139
99
324
316
322
310
297
267
65
74
88
58
10
10
92
198
100
169
232
193
161
308
153
264
2
219
114
195
67
67
103
233
218
250
287
171
17
58
238
223
270
93
289
178
98
150
46
215
11
43
104
107
46
3
27
301
329
266
50
152
145
215
238
28
22
176
61
84
240
228
193
302
338
237
15
111
327
328
35
339
173
341
309
348
302
8
221
319
231
313
254
69
80
177
138
214
6
227
181
57
327
338
42
65
111
102
223
36
164
251
40
305
87
1
99
307
43
332
339
111
282
134
56
307
8
87
32
57
164
28
223
344
232
135
264
226
260
190
324
317
310
113
314
277
0
144
169
205
78
219
271
157
139
342
2
252
87
207
182
103
277
85
19
215
317
143
134
207
145
12
69
180
149
90
158
222
217
11
31
68
1
337
78
294
83
84
137
119
62
248
30
194
150
15
91
221
201
10
92
28
112
139
51
64
211
341
291
247
106
261
82
168
103
158
287
249
49
18
175
131
180
28
297
61
37
295
157
175
66
200
175
215
29
73
156
203
302
212
311
144
282
109
244
115
103
4
305
275
313
311
337
127
140
320
140
161
112
69
128
307
200
148
318
101
88
331
11
194
146
106
262
239
87
0
191
98
220
1
234
227
336
89
327
100
140
10
323
223
14
69
262
35
271
70
93
226
299
26
341
19
15
148
68
239
283
270
42
100
32
92
252
90
152
125
282
119
47
95
143
194
158
266
342
254
145
122
146
346
6
243
14
317
92
68
237
282
116
292
310
215
235
163
164
25
15
186
323
150
270
179
167
130
51
128
199
106
176
48
33
257
10
0
270
155
136
86
83
187
259
99
71
303
196
98
337
121
344
177
98
290
180
217
157
39
283
339
71
136
246
226
234
87
349
86
263
127
42
321
204
60
59
148
48
67
233
140
66
261
108
107
23
125
276
85
192
174
86
213
338
303
211
222
246
215
319
221
349
338
65
293
297
277
180
238
111
176
142
204
319
65
315
69
301
110
293
93
165
5
53
249
20
22
309
228
16
226
293
136
35
219
343
44
226
330
287
85
291
152
343
85
342
279
244
52
77
54
68
250
204
8
290
44
137
181
82
231
282
56
130
170
183
295
197
262
183
277
135
66
119
184
32
131
47
15
261
126
162
109
285
173
159
215
46
321
301
43
199
211
255
144
273
301
158
191
231
298
340
304
40
310
282
65
15
238
25
286
45
93
181
346
216
161
259
19
92
81
155
218
263
238
283
336
346
9
17
286
139
164
218
134
125
262
309
198
182
6
10
125
158
107
307
307
310
36
338
215
172
193
189
26
285
180
206
339
65
251
73
344
3
40
103
202
268
237
62
196
314
145
309
78
131
111
60
97
106
44
134
180
228
9
166
286
807 1523
437 1276
106 488
330 567
600 1836
1616 1771
446 1749
1677 1884
480 1156
1124 1882
587 955
935 1553
1431 1561
1777 1800
1894 1958
665 1701
12 1308
1325 1607
209 1049
1450 1542
1606 1969
1188 1461
200 1736
3 1310
31 1898
1197 1331
1696 1877
1716 1909
675 1949
557 925
1092 1204
657 1363
972 1178
1225 1917
1137 1225
1796 1834
1536 1717
642 1981
1678 1769
981 1586
219 1024
711 1357
182 259
423 838
1120 1271
420 589
662 1646
291 1597
1771 1972
869 1791
383 1240
568 1196
11 1818
1624 1989
639 1498
660 1739
624 1933
1686 1695
1865 1992
1747 1755
291 1977
991 1965
687 1894
623 811
35 445
1224 1771
557 1280
264 360
1905 1911
1431 1912
492 1382
1920 1997
1404 1441
1307 1972
412 1110
1571 1890
1894 1945
69 751
1071 1299
586 1534
800 819
141 651
1109 1839
379 767
1980 1996
1019 1249
1486 1511
1122 1201
1383 1383
1728 1970
1599 1874
597 839
1683 1780
1553 1988
824 929
1713 1842
1011 1393
569 678
1568 1851
151 623
1315 1804
1391 1405
1540 1967
23 882
538 935
67 1355
752 1348
1456 1814
551 1736
300 516
27 928
1220 1808
1110 1691
90 953
90 348
504 1868
742 1163
1810 1971
257 1611
1014 1808
900 1507
21 423
760 1801
34 1803
882 1477
1510 1703
637 1585
1109 1978
1449 1709
1071 1320
1959 1959
1475 1675
387 1819
1880 1887
955 1717
1007 1243
997 1600
1712 1942
238 354
1419 1552
1863 1957
558 1407
1132 1648
67 1793
722 816
1448 1662
1263 1302
647 1173
600 937
823 1693
611 1958
1138 1555
219 1989
777 895
1708 1756
276 601
2 510
1013 1246
1874 1905
1104 1909
186 707
200 1622
1215 1744
1957 1987
1413 1940
1877 1885
350 1558
1870 1934
409 795
210 824
1791 1926
66 687
1983 1993
1715 1878
1491 1710
1221 1439
683 1699
1173 1552
1440 1524
1027 1565
1028 1058
615 713
14 953
1354 1918
932 1684
1139 1801
1112 1325
818 851
47 1231
187 1138
1993 1993
933 1102
407 1839
252 1413
690 1119
1033 1888
823 936
161 1699
1315 1349
1779 1878
802 964
1935 1966
1605 1847
234 1210
1404 1463
793 1743
848 1590
1187 1771
1297 1622
1420 1679
173 425
116 1605
656 1996
534 1158
417 740
656 1532
429 1451
1604 1996
1327 1352
1196 1374
1482 1967
648 1989
1904 1956
436 1886
22 1936
1681 1978
1372 1833
790 1383
369 513
1779 1984
585 1525
322 1589
78 571
2 683
1621 1800
1916 1957
670 1240
281 998
1912 1927
1551 1987
48 823
1257 1496
1090 1495
89 648
489 805
767 990
105 1833
359 616
888 1690
451 1960
1666 1964
535 1820
1769 1954
87 804
390 1600
169 1649
1296 1335
1801 1832
1890 1904
1594 1970
874 1334
286 1347
353 1320
1868 1963
420 1421
1499 1575
795 1254
851 1810
1139 1370
669 1950
1798 1936
179 724
743 809
926 1089
945 1206
1771 1860
985 1974
1480 1919
1734 1920
1047 1185
624 1520
473 1006
1991 1998
1539 1689
530 636
1660 1968
938 1722
1610 1878
1058 1635
194 1440
980 1036
1698 1757
55 707
343 1573
449 605
100 270
1065 1327
1889 1998
592 1484
157 874
1490 1897
205 1521
689 880
1338 1982
1750 1967
1196 1427
1944 1968
233 1183
1862 1894
319 999
1402 1458
1977 1983
1193 1646
1947 1971
849 1091
341 1543
679 951
399 1219
266 1149
771 1812
17 1854
1995 1995
1097 1461
1851 1952
446 549
379 430
1079 1868
1997 1997
1237 1743
1870 1981
14 56
197 997
1878 1895
1219 1348
1912 1939
1536 1986
1689 1785
109 1785
1795 1974
204 1795
1733 1970
1261 1478
861 1445
451 1570
442 1474
488 1125
203 306
518 1402
296 326
1511 1877
536 1885
760 1460
1177 1599
1818 1939
1480 1498
735 762
1903 1924
1392 1820
474 880
1734 1824
147 562
1892 1912
363 474
1090 1106
796 1473
860 877
277 1058
365 1464
538 1812
913 1431
11 1105
46 892
1582 1816
1171 1663
678 1523
705 1770
642 1424
1190 1758
1284 1758
944 1885
1610 1987
902 1197
1460 1682
891 1541
157 741
689 785
458 1343
1401 1966
1012 1939
1548 1993
1423 1671
1375 1786
571 851
1654 1911
521 1106
1572 1973
1846 1992
632 1173
1691 1711
769 1067
1181 1895
1183 1740
1393 1434
608 1342
1520 1987
606 1975
41 715
1735 1773
1294 1388
1435 1660
1876 1964
963 1434
491 1764
1851 1976
1880 1925
917 1894
623 786
1429 1615
150 867
386 1284
339 565
415 1824
792 960
1604 1896
307 649
777 1122
385 1401
414 656
122 1253
1509 1636
1193 1633
176 937
1063 1102
1201 1442
1571 1580
984 1783
1111 1360
679 1393
439 1681
749 1777
1875 1905
1833 1861
1165 1497
1248 1793
307 1749
603 1928
30 118
1450 1701
95 451
595 1175
58 826
1614 1618
1010 1048
1243 1966
1162 1739
1744 1750
286 1949
1785 1930
857 1254
177 1498
230 344
1947 1983
1096 1286
93 629
883 1825
138 698
1705 1720
833 1212
947 1433
1194 1599
1703 1963
1919 1984
1114 1614
1664 1955
1438 1875
1820 1945
835 1584
814 1636
1129 1559
1183 1421
1240 1482
636 1806
178 820
646 752
707 1663
983 1731
919 1667
1306 1504
1019 1990
617 1375
752 1032
120 541
1922 1944
1301 1902
1838 1853
174 341
869 1899
561 1851
114 1163
1207 1786
