1000
300
300
300
295
299
299
299
289
292
297
296
291
298
294
295
280
283
290
290
274
276
293
293
281
289
262
294
292
293
287
292
279
262
247
271
278
289
284
280
255
258
267
275
269
286
270
290
245
258
245
289
244
243
279
294
274
290
262
283
277
284
284
279
201
265
210
237
234
232
270
265
257
262
277
277
263
269
279
243
238
255
240
248
258
188
253
248
268
267
277
280
249
268
289
250
201
238
249
242
234
227
233
272
187
228
229
234
213
240
193
261
222
254
266
282
253
235
200
228
259
261
207
256
272
253
276
215
134
188
196
235
128
167
231
200
178
198
213
218
198
262
125
260
138
211
206
209
225
271
270
276
176
256
145
267
216
153
160
215
89
195
250
125
222
138
215
232
181
181
110
166
166
194
244
207
240
201
251
166
238
209
251
214
215
225
258
175
249
273
243
228
154
127
193
217
166
203
180
233
227
219
203
216
214
220
192
212
158
180
199
213
181
205
200
211
169
195
172
235
163
192
172
252
151
220
194
253
261
207
259
265
142
249
185
231
167
191
106
225
178
194
259
245
175
205
210
229
260
247
143
88
16
166
207
154
-35
129
84
185
-36
124
99
218
85
124
8
120
115
209
149
190
123
67
134
125
185
168
126
144
115
70
180
234
84
89
68
250
26
95
137
191
83
30
171
173
207
103
216
223
170
177
193
216
58
111
192
183
108
130
227
226
22
90
89
141
115
137
52
77
84
-11
156
140
136
198
52
99
-41
63
52
100
79
150
86
60
-68
72
140
151
9
72
103
161
-10
164
121
190
-17
42
13
62
134
239
79
180
185
229
48
156
172
192
179
87
155
147
153
159
73
211
222
209
213
248
-18
174
10
242
63
103
118
43
105
207
142
149
56
119
-40
63
133
138
15
161
140
102
66
169
-9
211
195
32
154
197
152
187
160
207
196
81
180
220
94
188
-4
211
-14
75
76
173
27
195
196
212
133
148
113
196
61
122
197
204
122
145
100
178
10
114
63
222
48
124
125
191
-65
10
124
130
146
132
126
179
131
83
64
232
130
193
107
197
127
73
17
169
124
111
77
11
-31
169
82
200
93
157
191
74
97
-1
128
194
145
167
15
55
165
245
229
187
159
67
156
111
145
172
196
195
188
189
134
242
45
0
50
-67
-95
-35
9
97
-81
-81
130
-70
-63
-83
-81
-2
-96
35
-61
124
-73
-39
-82
44
56
77
21
41
-18
-7
28
-44
-20
-3
100
-88
-16
54
24
-92
-11
114
90
-66
-24
48
-15
-38
-20
27
-2
10
32
128
80
140
58
45
132
-12
-40
64
-40
39
-53
74
-4
214
-51
-12
86
-71
-56
34
30
130
-100
-79
9
63
-78
-87
-56
-60
-73
43
-84
-59
-34
47
49
102
-83
48
76
-15
-53
63
-75
205
56
147
87
9
82
60
23
38
-56
-49
95
96
13
58
-87
90
-36
14
89
35
18
143
-15
107
-78
-68
-78
-87
-69
53
-90
26
-56
36
91
47
26
47
-49
-43
-64
-10
-54
-19
-61
-52
95
-90
40
59
96
126
41
37
-54
14
-66
-77
-82
42
-98
25
17
46
-73
-72
-31
87
-5
-17
-3
52
-94
-78
-98
-32
-6
36
60
65
-88
-83
55
32
17
52
-30
119
-43
-14
-32
38
-31
-26
103
118
-84
-62
-5
19
-53
-33
12
-56
-70
-26
26
81
-86
45
126
143
-65
56
192
119
-30
-44
-90
14
-95
7
91
-70
-3
165
-49
59
-19
-39
113
42
-94
-35
-100
11
-87
66
-18
151
-23
104
127
198
-34
192
13
243
-45
-62
63
145
-100
9
61
98
-46
45
102
65
90
53
39
29
57
-4
184
144
-79
-7
137
-56
-93
-35
33
81
-100
-41
-66
18
-100
-67
-53
36
-22
-18
-39
149
24
52
-2
63
-100
-26
-23
106
-56
-47
-95
111
-97
65
-55
-8
-15
-75
-78
-11
22
142
-14
157
-32
60
27
114
32
172
-71
-68
46
157
-90
16
-34
-61
-36
63
-80
-98
-9
203
-99
-72
-61
50
42
-10
143
-63
-94
-91
-50
131
44
153
63
191
-10
13
65
49
30
65
25
101
54
-36
-5
67
-86
-70
199
97
-19
45
-27
86
-40
87
3
121
-87
-4
-47
77
-97
-76
-65
126
-60
4
102
122
55
100
-12
182
-87
-82
-74
-97
13
-90
46
80
-61
88
5
-98
-85
73
-95
-25
-49
101
2
25
-26
40
-15
215
-14
0
126
-98
79
95
-3
148
123
-48
23
21
-32
-82
112
64
13
-72
50
-11
-37
-55
-67
-88
-87
-45
14
162
-84
80
23
136
-58
92
-4
130
-37
125
28
-74
30
23
-92
-39
-49
67
-100
106
-98
-41
82
99
-82
-97
-35
39
-11
107
1
46
22
104
148
55
-76
148
-40
-30
46
103
80
-99
15
87
-99
97
-51
-6
103
107
-27
63
92
137
32
13
41
79
-96
