6
ARAKAKI
LUCAS
LUQUE
MUNARI
SABHA
SAKAUE
50
1 0 1 1 3 1
2 9 4 8 7 16 
0 1 3 0 3 1
12 5 6 9 13 15 
1 2 2 2 2 3
2 16 17 7 14 12 
2 2 1 3 2 2
12 3 9 6 8 11 
0 0 2 0 3 3
10 15 12 8 17 6 
1 2 2 0 0 3
9 4 10 13 7 18 
2 2 3 3 2 3
4 8 18 17 15 6 
3 0 3 0 1 2
17 13 9 0 1 14 
0 0 3 1 0 1
1 5 8 7 9 13 
0 1 3 1 0 2
8 3 5 4 7 17 
1 1 2 3 1 2
16 8 6 17 10 12 
3 2 0 1 2 0
10 4 8 12 6 15 
2 2 3 2 1 2
4 15 12 17 8 6 
3 2 0 1 1 2
4 2 1 15 14 9 
3 1 3 0 0 1
18 15 4 13 8 6 
3 1 2 1 3 1
13 11 4 6 15 14 
2 0 1 0 3 0
6 8 2 9 17 15 
0 1 1 1 1 0
3 16 4 10 1 13 
1 0 3 1 0 0
14 9 5 12 15 2 
1 0 0 3 3 2
4 9 12 15 14 10 
2 2 1 2 2 2
5 10 2 6 11 15 
0 3 2 3 1 3
11 12 7 5 4 13 
3 3 0 2 0 2
3 4 6 12 10 9 
1 3 2 1 0 3
6 7 16 1 3 9 
0 2 1 2 3 1
9 8 1 6 18 4 
2 1 1 3 3 2
13 11 6 12 9 10 
0 0 3 1 0 2
10 14 13 15 3 17 
1 0 2 2 1 2
15 11 12 16 8 2 
3 2 1 3 1 3
8 3 11 16 7 13 
1 1 1 2 1 2
10 5 14 11 8 4 
0 2 2 0 0 0
13 10 4 7 12 9 
2 3 1 3 3 0
11 9 3 12 6 13 
0 2 2 1 2 3
9 13 10 4 7 18 
0 3 1 1 0 2
7 11 3 12 5 14 
1 1 3 3 3 2
13 2 18 7 17 3 
3 0 1 0 1 3
15 8 9 4 7 3 
0 0 1 1 0 1
9 6 11 8 3 12 
3 1 2 2 0 0
12 1 4 6 2 8 
2 1 2 3 1 3
14 6 17 16 5 12 
0 3 0 0 0 2
8 12 13 5 10 15 
3 0 1 1 1 2
3 15 2 8 1 4 
3 1 1 1 3 2
9 15 13 2 17 8 
3 2 1 0 0 0
13 8 14 6 15 9 
3 2 0 0 1 2
18 12 2 8 16 6 
0 1 2 0 2 0
3 14 5 13 10 0 
1 2 2 0 1 3
15 4 16 9 8 11 
0 1 0 3 1 3
2 10 1 8 3 15 
2 2 3 2 1 1
6 17 12 2 5 11 
2 2 3 0 0 3
3 10 16 14 4 18 
3 1 2 3 1 3
10 9 15 17 7 13 
