15
27 11 30 27 25 2 21 10 13 19 4 25 23 17 18
50
GLQ9163 185 257 113 225 43 105 222 126 30 209 247 176 289 151 276
LDC9643 45 126 113 14 279 291 23 253 208 111 131 111 275 102 190
IWF0994 276 84 188 8 150 130 21 78 128 240 239 252 290 186 132
OUT3224 116 234 196 211 71 221 205 161 156 67 37 265 96 79 26
MAY7440 252 68 181 271 29 93 187 284 23 94 66 219 203 7 141
WCM0694 291 219 265 153 225 262 217 99 210 193 289 225 194 117 252
GPC5056 39 42 8 192 254 179 211 122 90 238 232 76 266 110 191
BLH3068 171 32 59 235 215 271 229 114 176 289 16 259 36 143 133
DEZ0207 183 282 10 238 227 14 39 193 133 60 98 196 277 214 65
CWA3133 86 216 100 15 181 121 12 83 49 150 127 221 12 94 23
KBQ2971 43 86 38 33 101 95 60 226 195 86 230 87 24 119 249
INT1702 73 159 108 184 207 294 183 256 188 172 233 48 23 84 280
NHZ6865 52 176 134 13 63 260 29 220 127 45 99 34 276 105 91
TFL0910 68 255 195 241 31 181 278 155 194 69 243 29 271 142 66
XRB5515 42 299 33 262 160 83 39 212 108 216 99 3 185 277 169
IIS6595 25 299 264 27 187 122 5 283 267 263 172 60 38 25 23
KWY2494 238 30 180 196 172 34 139 64 137 179 52 249 94 290 91
LBS2047 265 1 294 219 102 240 72 220 127 40 243 79 242 242 68
JOA0082 234 36 293 119 141 220 70 99 288 216 33 129 213 32 102
YWB4001 120 238 144 174 197 23 138 132 259 134 300 214 239 54 220
XDM1963 83 9 191 144 267 249 157 212 68 106 74 119 116 143 14
PRW6132 128 106 114 41 123 298 107 67 20 208 216 196 120 201 30
BOR9067 79 156 85 209 121 182 156 61 115 286 17 52 78 145 270
WLI6619 159 151 257 121 217 272 227 106 95 6 22 53 103 139 95
OYC1479 18 6 284 221 267 78 96 95 2 202 51 1 282 126 158
PIB4187 144 136 41 86 260 153 145 69 62 209 265 187 161 287 112
IUV6705 7 214 42 182 254 228 282 86 17 64 19 49 271 75 83
XZO9040 288 58 213 177 15 232 217 75 99 27 188 132 193 80 88
HKP8830 222 127 21 174 247 252 29 206 277 124 168 128 111 250 124
ZPS4383 118 252 78 199 11 73 26 158 16 184 181 7 259 256 98
OZE2174 90 76 87 215 179 198 79 124 159 46 299 103 225 64 100
VVS4752 98 107 233 26 252 147 20 5 154 65 33 89 47 183 255
KRQ8218 263 291 203 230 273 231 209 116 205 148 76 279 73 163 154
WVR2042 169 192 172 234 215 291 37 231 177 116 236 285 172 13 151
PZF6196 117 261 281 14 186 300 154 294 26 137 263 239 52 236 207
KSC8582 240 236 84 167 260 197 165 160 122 200 4 266 107 167 263
IWR2433 122 233 114 104 251 75 291 196 242 189 297 253 250 126 43
XRH3850 131 277 199 231 172 73 42 279 171 103 275 105 59 203 130
BDC1586 35 60 88 131 210 298 204 100 178 65 261 265 93 202 51
KNE9681 235 188 19 256 226 208 105 220 91 51 196 269 5 16 210
XEV7379 206 30 71 173 177 266 170 35 286 73 275 159 149 257 249
ZPW5387 148 162 69 65 42 155 131 82 106 144 64 248 193 191 185
BOV4069 273 82 101 142 298 26 136 123 82 56 72 104 66 279 167
JXQ6192 259 144 101 212 70 163 59 60 98 10 144 11 211 200 201
FZB5650 87 215 237 175 300 85 140 167 70 26 46 149 134 13 36
PYX0991 172 168 272 200 134 132 93 195 292 81 134 226 151 294 17
HJV4294 113 81 54 249 76 158 216 274 264 164 37 21 96 252 189
PJJ2473 188 123 207 175 163 49 105 82 96 262 32 241 111 107 160
PZP4788 106 153 16 87 220 114 205 31 136 118 181 200 115 269 116
DPP2164 136 160 53 211 13 77 290 268 202 65 190 282 196 163 261
