13 183 119 51 52 131 83
77 66 83 55 52 48 51
65 89 83 51 48 53 52
179 47 162 52 1 8 164
67 85 65 48 54 54 54
16 127 74 49 136 187 139
72 76 66 50 75 53 50
184 127 104 53 97 188 146
22 95 30 56 60 145 100
81 70 75 48 82 53 49
73 86 67 56 50 56 54
147 169 87 50 182 196 102
76 81 78 55 50 52 52
82 169 195 55 93 66 30
85 66 84 48 49 52 50
171 172 120 53 59 68 70
68 68 82 51 71 48 55
79 66 85 56 86 48 54
74 78 71 48 56 49 48
191 148 149 53 56 10 140
72 81 70 56 51 55 50
73 68 71 56 52 54 52
88 80 67 55 48 48 54
75 65 75 48 65 54 51
69 72 66 49 68 54 50
85 69 71 50 53 49 49
99 4 117 51 114 138 6
75 78 77 56 55 55 54
118 77 87 55 187 196 187
84 82 74 49 56 49 54
60 123 163 48 78 116 26
82 87 73 49 49 52 53
14 70 173 56 118 132 170
135 113 185 52 72 149 64
71 84 88 50 55 51 53
75 75 73 49 52 50 51
71 79 86 51 82 55 48
67 85 85 48 82 51 55
69 88 82 52 83 48 54
52 7 84 49 15 87 53
79 72 81 55 89 54 56
88 80 80 53 77 52 53
72 74 66 56 83 56 51
199 51 191 52 29 118 110
81 71 84 52 50 56 49
69 83 87 56 49 48 53
71 77 84 51 80 54 51
56 53 159 50 38 1 134
89 75 80 54 68 49 56
72 81 69 54 85 56 54
171 38 158 56 156 80 108
76 67 82 49 72 54 54
78 75 78 51 48 55 48
77 70 65 51 66 48 48
86 74 84 54 49 53 56
69 79 67 56 65 49 53
78 76 71 51 84 50 51
75 78 77 48 56 53 48
79 88 77 56 48 50 49
109 68 167 48 147 187 185
77 82 80 51 88 50 55
67 71 88 51 79 51 53
70 69 81 54 77 53 56
83 68 80 56 69 53 50
126 160 183 52 178 31 25
73 65 72 51 69 56 55
50 146 112 52 184 114 125
149 97 72 51 11 32 22
22 111 113 52 122 16 45
66 79 79 51 87 54 52
123 22 51 48 121 198 105
25 101 181 53 78 8 116
90 128 192 50 19 133 111
75 73 89 55 51 48 48
67 75 77 50 86 49 50
123 20 74 53 153 22 170
85 65 79 55 66 56 49
16 177 82 49 53 44 32
89 87 86 54 56 54 54
65 78 71 52 75 49 55
70 70 65 51 48 53 56
66 198 151 54 69 23 183
81 85 71 56 55 49 51
78 125 144 49 146 183 19
66 88 89 53 81 50 54
88 64 55 48 115 194 184
79 177 57 55 67 133 176
81 121 52 52 59 51 54
76 78 65 55 48 49 51
76 85 89 55 88 56 48
81 81 81 50 48 56 56
72 80 72 49 70 50 53
189 127 31 52 78 128 186
83 66 86 53 52 51 50
76 79 70 48 54 56 52
65 89 65 52 70 53 48
84 73 89 51 48 49 53
88 79 80 51 53 48 50
76 86 77 53 76 56 48
194 65 2 49 104 20 164
69 86 86 54 66 51 49
75 86 79 56 68 52 56
65 88 76 56 50 49 50
78 85 85 55 54 50 56
177 97 159 49 8 52 154
84 77 75 51 71 51 52
78 79 66 54 49 49 56
104 161 146 51 156 14 130
80 75 71 50 51 48 49
77 73 67 52 66 50 51
72 72 65 48 53 55 56
88 79 88 52 56 48 49
139 180 181 49 171 188 48
73 165 147 54 109 52 131
7 63 59 48 28 57 70
88 68 84 54 53 50 50
63 192 111 48 94 145 51
183 7 103 49 122 89 175
78 68 73 51 72 50 53
85 65 79 49 71 54 53
68 74 85 49 67 48 48
66 71 80 51 48 49 49
124 16 167 55 176 193 191
104 105 75 53 116 15 49
69 75 73 48 50 51 51
89 86 85 55 75 51 55
79 74 87 50 51 52 55
84 76 76 56 88 53 52
167 122 19 53 178 47 14
87 71 80 53 65 53 49
144 115 155 51 58 180 172
86 85 72 56 83 55 51
88 89 80 53 55 53 49
68 89 87 56 56 54 54
85 77 66 52 54 54 53
71 84 78 48 81 54 50
150 133 149 50 25 58 52
65 74 68 52 48 53 48
84 73 87 54 50 49 49
80 68 80 55 51 52 50
81 79 75 54 49 51 52
71 78 67 51 71 49 54
149 133 116 55 5 81 131
85 87 79 55 76 53 52
84 79 78 49 48 52 50
82 68 81 56 49 48 56
40 50 69 53 84 175 130
68 80 76 54 78 49 55
172 115 23 52 7 33 132
84 179 114 53 72 166 94
79 68 82 56 56 55 56
61 21 109 56 170 158 165
190 46 65 54 59 50 192
78 78 77 48 73 48 50
88 86 84 50 54 50 49
69 67 73 50 51 55 55
75 83 74 52 49 54 56
89 89 68 50 75 48 50
86 83 80 55 53 48 56
105 102 11 55 37 154 62
70 83 83 55 55 48 56
74 65 69 50 74 52 53
82 65 81 56 81 54 51
82 80 71 55 72 55 53
82 66 70 48 49 48 49
76 66 83 55 52 52 52
114 139 70 54 28 148 56
75 75 65 54 68 56 50
102 192 176 51 141 197 91
81 74 80 54 81 48 55
69 80 83 56 74 54 55
