76 77 74 55 77 52 52
71 84 89 48 54 54 56
131 43 179 51 127 18 74
34 172 59 48 179 174 60
85 74 66 50 51 48 49
70 84 68 53 50 51 50
67 88 68 53 80 53 55
26 44 105 49 168 100 26
84 77 75 48 51 49 52
1 75 106 49 10 104 157
76 81 70 48 82 48 56
139 102 47 51 13 25 31
151 45 163 52 46 118 15
78 71 69 56 67 55 51
80 85 67 49 52 54 52
27 46 46 52 82 10 193
163 43 26 52 124 159 72
83 66 80 54 51 55 51
81 75 81 50 77 50 50
84 68 67 50 65 53 52
58 196 156 49 65 13 25
85 80 78 54 85 55 54
69 88 66 48 70 48 48
46 198 190 56 49 93 115
83 109 8 54 97 134 36
73 88 80 48 55 49 53
