116 30 120 49 182 173 169
85 70 78 54 52 54 52
83 73 85 56 54 55 52
137 131 193 52 28 6 29
31 144 124 55 188 58 25
83 76 79 53 52 51 53
69 88 68 53 86 54 53
73 80 85 53 87 51 49
83 88 76 52 49 51 54
113 124 121 52 38 12 148
86 68 75 53 72 50 55
71 82 74 56 56 56 54
75 72 76 50 53 54 50
65 81 68 54 89 49 50
84 73 68 53 74 52 56
74 69 67 51 73 49 53
85 89 81 54 55 54 55
79 68 81 50 49 49 54
65 85 77 52 51 49 53
107 30 144 54 67 192 118
35 177 84 52 96 83 162
64 83 52 56 49 72 41
84 82 76 50 56 50 50
82 83 84 49 69 50 56
72 82 77 49 76 52 55
68 88 84 52 51 48 49
87 68 82 54 72 56 55
66 74 82 53 69 52 48
66 67 69 49 54 49 50
85 74 51 50 120 112 80
191 140 172 54 186 51 140
129 147 158 49 195 14 42
67 87 69 53 66 49 55
72 84 89 52 54 52 52
66 76 68 50 55 53 53
74 62 193 56 140 194 60
68 80 78 48 88 50 56
80 70 86 53 89 53 49
78 75 78 52 80 56 56
83 78 83 49 54 56 55
67 70 83 53 75 54 55
79 78 72 48 193 150 31
159 161 74 49 145 94 141
32 135 113 51 77 134 32
11 191 2 51 26 100 178
79 65 67 55 55 56 52
79 70 71 53 69 49 54
75 80 67 53 74 50 54
65 22 21 54 133 182 195
74 88 71 54 54 56 55
80 67 86 53 67 52 50
140 8 51 52 136 98 43
71 88 86 49 72 53 49
70 84 65 55 52 51 51
21 91 12 54 101 45 175
77 83 80 53 53 56 49
75 65 83 51 89 49 56
165 54 79 54 101 38 134
69 79 82 51 51 48 48
86 77 75 52 72 51 51
79 34 50 56 150 142 25
156 137 27 52 155 169 123
73 79 83 53 51 53 52
83 78 83 50 50 51 49
88 73 75 50 84 52 56
167 55 103 48 194 194 43
65 77 88 53 50 55 51
75 88 74 50 65 54 51
82 79 74 56 55 49 56
132 158 69 56 32 94 169
75 81 65 51 72 52 56
85 89 68 55 50 50 53
144 163 35 48 94 17 11
82 67 66 56 85 53 51
89 81 85 52 50 51 54
81 48 77 51 9 15 45
88 83 86 55 79 49 50
87 72 82 56 48 50 56
69 74 72 48 54 56 48
79 85 77 54 53 48 56
75 66 85 50 82 49 48
137 110 198 49 75 145 86
90 37 72 55 102 190 164
161 124 59 55 59 109 11
40 82 121 50 168 68 194
78 75 86 48 54 52 54
88 73 65 52 49 56 55
86 78 84 54 78 55 48
66 89 72 53 52 51 55
116 197 191 54 190 122 181
82 79 77 55 51 50 48
85 72 86 49 77 53 50
83 68 72 55 68 53 49
88 69 75 52 76 56 55
71 65 84 51 71 54 48
157 145 143 54 138 27 29
73 97 122 50 141 141 12
74 84 80 53 56 52 54
73 74 73 49 80 56 56
88 75 85 54 74 53 49
50 174 114 48 19 141 52
160 30 33 49 102 145 23
144 99 114 53 120 168 149
69 80 87 54 82 54 56
74 75 67 51 52 48 52
58 149 171 48 129 196 144
81 86 65 51 74 48 55
75 77 68 50 79 53 51
80 85 76 55 48 53 56
176 39 168 52 21 136 66
67 65 76 54 53 51 51
68 72 66 53 77 56 52
114 54 48 54 85 46 141
72 80 72 56 80 53 49
86 88 69 49 52 53 49
48 112 17 53 126 57 172
78 84 88 54 71 52 55
75 82 83 48 67 50 53
89 86 79 53 55 53 48
45 102 21 50 162 116 125
65 67 68 49 70 49 56
187 64 23 53 131 173 75
117 128 6 56 197 74 154
42 3 109 52 49 112 123
91 59 140 54 59 84 37
187 135 78 48 144 157 179
155 148 61 50 135 83 194
84 68 83 55 70 50 53
81 69 79 49 52 54 49
80 77 80 56 50 52 52
82 85 85 51 51 52 50
33 151 123 48 18 120 44
