1000
-100
-100
-100
-96
-97
-98
-100
-91
-94
-96
-78
-97
-98
-97
-99
-88
-85
-79
-93
-91
-96
-74
-77
-97
-91
-92
-97
-92
-89
-95
-97
-84
-78
-51
-57
-76
-74
-55
-83
-80
-87
-83
-95
-64
-73
-69
-63
-61
-96
-88
-85
-68
-86
-67
-71
-73
-85
-86
-83
-49
-76
-92
-64
-74
-82
-48
-76
-9
-39
-33
-34
-21
-61
-31
-52
-51
-22
-77
-70
-37
-67
-28
-62
-78
-42
-73
-77
-63
15
-53
-44
-42
-54
-48
-58
-32
-55
-65
-91
-83
-87
-74
-57
-26
-35
17
-85
-39
-54
-64
-35
-63
-50
-21
-55
-49
-82
-45
-75
-47
-6
-44
-68
-37
50
-24
-19
-55
-59
-58
-82
7
-4
-42
-64
53
-6
-23
-1
104
8
0
-7
-5
-14
-16
-20
24
-8
54
-9
1
-41
-1
9
-21
-74
-52
-67
-6
-35
-59
-57
18
44
-3
-17
-45
-71
-38
37
-72
-34
0
-5
-30
-13
87
38
-51
-28
-14
-44
-36
-40
-24
80
-12
-22
7
38
-14
-11
-21
-36
-10
-35
-29
-89
32
-68
28
4
-24
-61
34
-26
-11
-18
0
27
39
19
-74
-35
6
48
-40
19
-15
-28
46
-33
39
-28
-22
-24
176
74
-37
-49
21
14
-55
-81
86
-12
36
-38
24
-29
47
38
-18
25
-29
-11
-20
-36
67
69
-21
89
-10
91
17
21
-33
-52
-21
56
-25
-60
98
89
196
71
26
-42
67
76
190
105
191
149
221
139
65
82
121
110
32
10
27
16
71
27
71
41
26
10
6
56
10
-1
81
72
75
174
180
200
202
49
8
101
10
111
10
11
57
131
75
26
189
82
-20
-46
180
54
186
28
31
32
69
-1
-39
-47
39
125
155
106
87
19
67
67
-26
54
57
12
39
-25
155
107
3
56
-29
69
107
57
76
120
3
85
4
9
127
98
109
83
199
36
119
-23
120
3
100
69
123
7
12
158
17
6
103
115
28
66
58
-17
52
45
58
101
121
15
101
53
-7
51
-8
-12
41
20
38
28
73
71
178
120
85
115
-2
16
162
175
187
18
125
-3
109
26
61
158
68
33
116
82
103
0
156
48
79
77
95
107
228
74
27
-21
119
39
77
12
126
179
12
-2
35
27
-7
66
33
-7
148
80
4
24
72
66
32
3
41
-16
35
2
221
179
128
88
41
1
160
-35
106
48
183
146
141
-40
56
-79
132
128
35
-11
179
36
8
-6
201
83
110
-10
137
96
105
51
-2
186
59
52
28
15
112
80
24
9
-36
252
79
242
296
264
119
73
162
107
35
17
254
225
240
192
93
102
123
-9
223
3
67
8
113
86
151
41
134
298
206
248
167
179
277
243
223
185
111
191
88
245
218
162
158
133
281
265
290
252
271
242
253
188
274
296
292
283
225
161
178
250
297
297
199
281
218
154
210
217
192
80
69
123
79
136
289
264
293
102
136
52
215
191
106
14
184
42
155
86
79
149
67
12
270
115
223
81
233
196
280
261
293
293
289
231
294
221
260
259
222
28
224
237
252
173
146
231
116
286
78
178
267
109
153
233
214
286
183
243
297
253
125
187
293
25
101
197
273
183
81
136
255
237
241
165
260
291
292
34
252
72
142
98
178
31
101
-22
251
163
224
271
300
190
281
247
295
270
233
142
264
242
272
234
283
270
156
190
287
86
230
172
264
229
92
74
241
264
131
129
183
149
102
147
296
246
252
154
133
133
187
59
234
115
290
291
275
82
294
181
117
103
137
188
202
166
106
102
233
117
189
206
288
225
278
215
249
121
150
109
264
223
286
129
250
143
297
159
190
231
124
110
181
81
299
273
204
200
57
259
201
276
245
154
255
237
263
192
210
149
233
169
169
65
203
84
296
211
280
253
261
217
135
56
240
199
257
74
142
28
209
149
209
126
176
28
224
194
227
192
150
51
134
79
282
175
208
194
251
283
158
209
259
193
258
193
143
60
85
230
238
264
285
243
246
235
257
65
241
156
152
92
276
186
129
53
146
132
277
174
98
271
249
158
277
194
214
274
159
279
142
141
246
174
214
171
118
211
197
109
220
114
278
289
256
244
117
81
268
211
102
1
241
142
204
204
263
203
239
13
258
173
241
290
230
227
262
271
163
243
225
139
260
-1
225
229
292
60
14
122
201
277
195
191
236
89
142
86
157
140
138
180
112
105
300
263
187
156
153
285
207
106
177
22
269
264
205
235
208
159
253
196
285
184
262
163
241
229
154
56
294
233
205
162
267
252
216
188
255
231
164
84
242
132
235
-56
218
208
157
134
168
50
269
194
264
259
190
188
93
163
246
121
285
208
272
88
248
118
205
16
236
232
269
174
295
221
249
211
254
199
280
240
246
223
83
299
59
214
159
53
287
150
221
154
198
182
65
35
20
1
300
262
294
