6
ARAKAKI
LUCAS
LUQUE
MUNARI
SABHA
SAKAUE
50
2 2 0 1 0 0
16 15 12 11 10 14 
2 0 0 3 0 0
11 5 7 8 10 6 
0 0 0 0 0 0
4 6 13 7 0 15 
1 3 0 1 2 0
9 8 3 11 13 10 
0 0 2 2 0 3
2 11 14 17 6 7 
3 2 3 2 3 3
5 6 7 16 3 10 
0 3 2 2 0 2
10 3 9 16 4 12 
0 1 0 1 0 0
0 10 8 12 2 13 
3 1 3 0 1 0
17 1 5 8 13 2 
2 0 0 0 1 0
10 6 3 0 11 2 
0 1 1 3 0 0
10 8 11 16 2 15 
1 0 2 0 2 2
6 1 11 2 17 3 
1 0 0 0 3 0
7 4 6 15 10 1 
0 0 1 3 2 3
7 15 1 9 13 8 
1 1 0 1 2 2
2 9 14 10 17 7 
3 2 0 1 1 0
18 12 6 8 11 15 
2 3 0 3 0 0
9 10 4 13 1 7 
3 3 2 2 3 3
11 9 15 5 16 14 
2 3 1 1 1 0
3 4 5 15 10 8 
3 3 1 0 2 2
11 8 15 12 3 16 
2 2 3 2 3 2
12 14 4 13 6 16 
2 0 1 1 0 0
4 3 2 16 14 13 
2 3 3 3 0 1
3 14 15 11 9 8 
1 2 2 2 0 3
12 2 14 15 10 16 
0 3 2 1 1 0
13 6 7 15 16 2 
0 2 1 3 1 2
15 10 13 12 16 14 
1 0 1 2 0 1
11 0 8 7 10 4 
3 1 3 3 3 1
4 16 3 11 5 6 
3 3 1 1 0 3
13 12 14 8 7 16 
3 0 0 2 1 3
6 9 7 10 4 14 
0 2 2 1 0 0
3 11 5 13 2 7 
0 2 2 3 0 1
14 10 7 3 15 8 
1 3 1 0 1 0
14 6 13 3 15 0 
3 3 3 3 3 2
7 17 5 12 3 15 
0 2 0 0 0 2
9 2 3 5 1 15 
0 1 3 0 2 1
3 9 18 10 7 12 
3 0 2 2 0 2
8 0 16 4 14 2 
1 3 2 3 1 2
15 8 2 12 4 7 
2 3 1 2 3 3
12 14 3 16 5 10 
3 2 3 3 3 3
12 8 3 11 5 10 
0 1 1 2 1 0
3 1 8 5 16 13 
3 0 2 2 2 2
15 12 7 8 4 11 
2 1 0 3 0 1
5 2 13 3 7 4 
3 2 2 1 0 2
15 11 8 5 6 7 
1 2 2 1 3 2
9 10 2 5 11 8 
3 2 2 2 2 2
3 17 14 16 12 5 
3 1 0 1 1 2
4 13 11 8 6 7 
1 1 0 3 0 1
16 4 1 18 5 3 
3 3 0 0 0 3
5 16 4 2 11 10 
0 1 1 1 3 1
5 2 14 13 12 7 
