1000
80
-99
250
-69
-85
-1
203
260
-1
-66
-10
125
-36
275
269
64
146
123
122
285
-4
72
208
151
240
-74
169
40
241
153
195
216
201
-5
19
-65
86
226
147
166
248
20
-88
28
24
282
25
-78
104
-7
-33
38
-38
259
58
24
-77
248
192
-28
-29
66
111
54
244
108
144
-59
-17
134
3
200
22
204
15
54
-84
-45
-99
-63
24
288
297
-87
217
289
141
195
169
150
-32
-25
251
-91
230
-56
204
46
125
150
179
274
17
39
102
-51
163
230
-85
134
160
246
231
-66
118
-15
-58
65
53
168
138
-32
1
87
103
-54
-42
-95
-65
271
-73
45
72
247
244
79
200
155
164
190
261
50
259
114
225
116
-14
5
257
-90
-23
-81
-44
-99
-39
159
-87
145
-58
132
134
282
-12
68
92
192
150
27
291
45
-15
85
136
-10
-36
201
165
24
293
131
117
-87
34
-70
215
-96
92
-13
293
-43
296
-14
279
231
148
2
247
67
277
33
-88
118
-70
64
36
-29
45
-25
252
-17
-26
39
283
116
51
259
88
235
191
66
-5
-29
-6
33
17
133
-12
205
17
-10
165
174
152
295
81
269
112
6
150
295
-44
-44
217
-97
173
132
126
114
186
-77
62
108
7
33
-46
284
233
206
58
81
90
170
67
-66
91
-56
-27
99
149
-35
265
122
214
60
268
-58
-83
162
20
266
246
-66
260
-69
71
-33
-78
294
23
145
236
260
129
188
-28
10
166
135
91
237
279
-99
197
186
-75
196
259
194
32
189
268
59
-69
64
-55
249
-4
-19
26
208
149
-95
-97
-51
-43
60
2
107
-72
158
170
-31
-100
233
130
-55
237
104
52
279
-84
-24
14
291
-77
80
-92
272
-45
8
114
-11
156
110
179
162
212
-100
201
134
248
64
111
-8
231
94
-25
256
59
-22
256
172
16
165
81
-49
223
48
233
260
-56
86
-2
115
122
264
11
243
216
119
-54
97
242
-74
62
10
115
124
-64
-48
256
195
69
169
115
119
31
112
-16
108
3
172
95
177
2
271
121
137
81
97
-73
112
57
213
291
300
211
19
-3
92
109
177
32
100
104
230
229
35
-30
140
19
-66
82
28
-23
247
146
-11
-29
232
121
67
6
-89
198
202
271
300
-92
148
177
27
151
132
240
92
-47
249
77
226
190
123
225
166
22
247
192
-85
293
229
83
102
-60
209
48
121
164
229
-10
118
-65
162
108
43
-100
291
-69
-81
-22
289
56
255
257
211
117
32
234
75
215
295
86
211
76
207
194
-3
206
195
26
286
38
85
-56
145
225
134
113
194
50
32
27
198
281
6
-68
-65
85
93
212
289
61
-58
200
198
-62
204
-28
-67
277
141
-45
96
224
12
14
51
-63
218
172
21
-92
201
58
134
-83
264
-99
206
32
-61
277
241
87
290
-56
-52
-5
157
227
-78
92
272
172
218
-2
246
50
136
12
227
-34
191
45
107
37
289
206
68
141
-8
140
213
283
57
-56
4
132
183
-30
286
-18
-6
-55
70
-42
28
71
93
56
29
-72
-16
22
95
151
-62
125
134
201
295
181
294
-93
260
94
13
247
41
256
158
106
107
148
165
45
114
259
246
244
-21
141
121
192
236
164
-64
121
-52
124
-41
43
92
90
277
123
-71
120
0
45
4
69
11
-17
187
222
52
273
1
70
-84
101
207
-99
145
244
168
123
215
38
151
200
-97
233
65
272
56
60
299
254
72
-5
194
171
104
205
-32
123
99
21
-100
-80
91
20
-83
23
183
-86
97
104
183
270
258
-34
99
121
180
241
282
281
54
1
223
289
176
272
213
-29
-64
69
274
-47
10
94
277
85
89
53
-49
210
-86
72
-58
133
-9
91
-9
112
-57
78
-84
236
-89
61
-19
59
95
158
-43
126
-80
68
20
98
29
277
201
40
60
228
-10
224
62
-26
228
289
-86
51
91
-20
286
76
162
122
131
219
274
56
179
36
52
152
67
54
159
76
21
181
-24
122
-33
74
-47
180
-80
-37
33
80
0
224
25
274
219
94
264
205
-39
24
294
62
166
17
74
-92
209
44
84
-65
28
-24
48
97
-94
238
58
217
64
39
-18
270
280
-56
-80
-36
215
230
89
82
205
-90
261
12
51
128
57
-81
256
-93
256
126
86
279
214
192
174
292
149
204
191
70
204
207
194
243
71
86
212
204
173
35
30
77
107
292
180
203
214
-7
292
-64
37
-94
-44
-44
287
263
11
5
224
-75
236
-81
169
-49
193
-2
108
60
185
287
149
-52
199
181
-65
-71
5
266
177
122
148
-69
282
98
-58
187
-72
-2
200
-91
268
-61
-99
111
251
174
277
-34
173
287
218
-91
255
289
285
290
153
195
-13
300
281
106
295
48
94
255
183
64
185
80
299
284
10
-94
179
-36
-30
11
5
210
263
186
71
183
164
167
136
104
-63
-53
-77
32
-88
-82
278
204
-53
12
-62
1
91
