180
55
372
22
446
31
134
65
95
161
168
26
76
45
11
47
81
146
413
563
202
84
2
274
82
17
148
17
218
428
81
4
9
22
284
96
297
3
91
129
347
484
200
145
45
511
430
415
287
250
315
427
172
273
96
211
33
32
100
59
226
475
72
137
36
31
406
176
328
520
18
8
244
45
142
368
187
104
1
142
12
124
92
532
193
131
45
423
172
61
78
79
28
215
166
221
138
34
266
142
5
311
239
84
315
369
151
43
235
71
48
237
82
89
297
83
101
541
103
126
173
283
244
11
182
28
97
18
123
31
337
183
264
446
421
52
70
78
161
16
339
325
81
325
10
267
228
49
1
193
50
273
150
18
184
220
113
145
121
235
161
144
86
181
124
24
49
7
479
132
84
9
539
470
24
20
105
199
76
21
260
284
53
119
31
391
294
549
78
96
154
80
202
528
178
25
176
308
36
200
2
73
462
1
52
66
132
92
8
169
176
323
67
196
255
394
47
131
89
71
204
433
224
57
19
459
343
14
71
222
79
224
185
325
92
42
32
50
134
18
89
93
52
93
288
188
16
384
0
168
26
17
156
8
132
403
400
10
1
9
235
39
4
28
368
115
438
26
149
144
278
51
432
52
84
354
284
92
109
62
330
98
157
89
74
7
53
12
478
153
190
488
151
256
592
74
20
231
58
400
4
474
20
114
241
52
427
14
321
41
197
132
280
318
200
66
411
243
323
17
142
162
229
83
477
89
27
5
393
493
216
243
343
363
48
98
79
495
25
13
229
12
169
428
199
543
450
186
162
179
64
224
92
312
74
364
42
80
290
6
1
118
32
164
78
79
101
80
191
1
189
369
202
140
122
97
12
132
302
13
142
26
10
146
127
94
473
5
15
148
9
16
64
321
46
83
499
3
177
14
34
326
2
74
180
82
224
73
257
208
14
389
12
39
26
133
346
396
282
265
514
23
405
248
11
31
209
9
283
72
171
24
39
59
311
129
238
56
44
9
1
495
255
73
246
401
81
69
406
88
20
490
22
102
468
112
3
21
107
84
233
59
191
310
233
65
248
118
12
87
204
186
7
44
194
144
7
147
175
38
1
249
459
181
314
416
194
276
54
37
15
56
3
257
362
2
205
140
375
283
