510
612
276
175
882
111
924
142
497
524
269
439
90
15
50
732
934
189
614
66
260
185
1094
942
1324
92
126
137
904
267
80
509
156
481
63
32
123
955
61
423
587
463
50
299
112
121
701
932
147
648
625
463
1283
263
620
766
931
5
94
4
1203
684
853
140
293
376
525
68
7
333
640
55
27
462
509
221
39
490
159
679
15
363
506
285
12
167
16
62
1
175
192
177
67
305
81
92
274
79
195
336
332
8
300
615
283
924
429
248
839
166
648
402
400
627
185
961
310
120
968
551
430
284
733
1252
427
131
677
606
177
174
1
139
1021
7
534
173
420
164
83
92
69
609
358
1224
67
150
26
390
248
616
960
291
1262
89
36
230
367
169
25
558
377
1011
362
24
364
9
869
47
278
440
97
445
7
113
147
151
719
261
56
377
26
78
675
394
530
455
152
24
853
690
1
128
1018
839
314
594
84
1094
20
68
119
27
170
710
41
673
525
398
216
178
181
1059
952
456
236
628
734
279
14
120
340
955
39
1028
1358
210
321
427
111
148
671
905
353
486
125
29
417
519
10
306
551
163
279
402
226
164
1231
185
564
1071
210
907
134
515
864
1058
26
27
11
271
334
764
705
72
722
50
338
676
161
910
100
391
46
125
196
64
697
305
134
101
642
388
4
101
69
216
551
187
396
896
46
43
468
882
107
121
182
80
642
518
280
939
138
448
157
158
21
694
21
498
37
4
310
21
186
866
201
600
647
734
1303
1
253
75
75
42
542
1
348
84
31
580
14
88
19
316
67
1191
133
1128
171
148
419
797
740
464
68
631
22
251
951
500
285
87
12
21
17
293
293
66
298
18
83
9
487
14
573
791
898
372
791
607
164
340
604
752
569
386
323
661
270
220
154
462
424
70
638
394
648
311
170
282
202
179
424
284
106
402
14
224
489
381
28
536
332
977
482
27
64
156
68
338
901
93
35
685
123
122
517
654
167
1003
123
205
251
255
735
174
819
87
299
547
25
162
5
559
172
519
885
725
24
19
227
371
1032
944
63
170
260
429
546
4
33
503
395
3
1183
104
294
947
78
28
135
383
666
401
12
283
348
272
188
47
344
203
299
89
531
582
299
163
168
830
461
81
679
524
528
132
681
552
208
304
15
412
11
116
726
914
762
394
